Level|Partition|Comm (bytes)|Actual Sym Diff|Time Tree(s)|Time Recon(s)|Time Backtrack (included in Time Recon) (s)|Str Recon True
2000000 1.000000 5213430 11007 2.653381 3.708401 1.285205 1
2000000 1.000000 4907703 12013 2.674483 3.754080 1.393662 1
2000000 1.000000 4586787 11122 2.672011 3.438945 1.189954 1
2000000 1.000000 4787850 10068 2.674716 3.357745 1.071606 1
2000000 1.000000 4566235 11604 2.671143 3.512160 1.248814 1
2000000 1.000000 4153384 7753 2.663104 2.959952 0.847346 1
2000000 1.000000 3559232 7537 2.666450 2.815737 0.888778 1
2000000 1.000000 4798516 10843 2.676303 3.503414 1.179160 1
2000000 1.000000 7128963 10643 2.673221 4.244249 1.164321 1
2000000 1.000000 4202964 10325 2.674612 3.328812 1.171268 1
2000000 1.000000 4833624 10893 2.668260 3.622602 1.258542 1
2000000 1.000000 4699280 11042 2.682585 3.504331 1.204050 1
2000000 1.000000 4402124 9127 2.668708 3.211424 0.990763 1
2000000 1.000000 6654003 11946 2.669367 4.313815 1.366824 1
2000000 1.000000 4899171 11551 2.685603 3.655933 1.264305 1
2000000 1.000000 12813442 11996 2.705609 6.321543 1.393583 1
2000000 1.000000 4161776 9780 2.703876 3.233629 1.070191 1
2000000 1.000000 6267343 10756 2.664127 3.954641 1.154534 1
2000000 1.000000 5300276 11691 2.668266 3.783240 1.261928 1
2000000 1.000000 4069400 9468 2.674386 3.246516 1.122657 1
2000000 1.000000 4873307 10730 2.668611 3.636649 1.263932 1
2000000 1.000000 4677439 10930 2.668089 3.481116 1.159777 1
2000000 1.000000 4909579 12003 2.665353 3.797054 1.383703 1
2000000 1.000000 3135249 7698 2.675800 2.644347 0.820072 1
2000000 1.000000 4191919 10335 2.669631 3.275400 1.120057 1
2000000 1.000000 4568485 11630 2.672690 3.556969 1.262505 1
2000000 1.000000 4677048 11398 2.663911 3.654596 1.315900 1
2000000 1.000000 4794986 9955 2.678590 3.520808 1.163616 1
2000000 1.000000 3874493 8399 2.670247 2.970786 0.905827 1
2000000 1.000000 7052876 10756 2.666070 4.192416 1.130574 1
2000000 1.000000 4565049 10765 2.671863 3.441857 1.148562 1
2000000 1.000000 3893974 9004 2.668008 3.023589 0.974291 1
2000000 1.000000 4726648 11337 2.671915 3.694860 1.328798 1
2000000 1.000000 5529218 10372 2.684900 3.695134 1.112330 1
2000000 1.000000 4296379 9879 2.671263 3.249968 1.058028 1
2000000 1.000000 4835601 7563 2.670130 3.587487 0.888974 1
2000000 1.000000 4678262 10777 2.668466 3.552282 1.248397 1
2000000 1.000000 6936345 11405 2.669740 4.298976 1.252014 1
2000000 1.000000 6889347 11408 2.666951 4.574213 1.231524 1
2000000 1.000000 4066643 9345 2.671540 3.241690 1.107138 1
2000000 1.000000 4667759 11130 2.671381 3.623584 1.308330 1
2000000 1.000000 4676970 10546 2.668313 3.591282 1.245909 1
2000000 1.000000 4389766 9870 2.673830 3.251752 1.028744 1
2000000 1.000000 5883161 10673 2.670540 3.811532 1.121035 1
2000000 1.000000 4640736 11067 2.672585 3.498478 1.181059 1
2000000 1.000000 5002112 11617 2.672862 3.701516 1.254546 1
2000000 1.000000 3903792 9251 2.672005 3.177702 1.086427 1
2000000 1.000000 4195014 9692 2.675010 3.336712 1.158200 1
2000000 1.000000 4129884 8622 2.677273 3.077711 0.939250 1
2000000 1.000000 4447238 9897 2.680332 3.324194 1.080870 1
2000000 1.000000 4495403 11345 2.668450 3.509525 1.230059 1
2000000 1.000000 4411691 10353 2.671588 3.354743 1.112358 1
2000000 1.000000 4600447 11434 2.669454 3.542036 1.222913 1
2000000 1.000000 4939106 10235 2.678474 3.508110 1.107332 1
2000000 1.000000 4905261 11194 2.672194 3.604162 1.197505 1
2000000 1.000000 3977545 7765 2.678278 2.910308 0.822855 1
2000000 1.000000 5111824 11125 2.673789 3.768056 1.309210 1
2000000 1.000000 4469209 8993 2.678709 3.216051 0.963484 1
2000000 1.000000 3763067 8653 2.703443 3.062248 1.037429 1
2000000 1.000000 4906245 10362 2.670477 3.519492 1.123446 1
2000000 1.000000 4298747 10366 2.675949 3.450748 1.236398 1
2000000 1.000000 7765677 11992 2.673987 5.021622 1.380748 1
2000000 1.000000 4973246 8815 2.673797 3.360098 0.949267 1
2000000 1.000000 4479476 10942 2.671426 3.448882 1.186837 1
2000000 1.000000 5085172 10832 2.673629 3.625519 1.166764 1
2000000 1.000000 4650840 11056 2.667136 3.637458 1.290352 1
2000000 1.000000 4884924 11383 2.676789 3.620027 1.216737 1
2000000 1.000000 4418100 7207 2.677274 3.338070 0.773139 1
2000000 1.000000 5015717 11440 2.682716 3.525073 1.130143 1
2000000 1.000000 7567156 12075 2.674408 4.707694 1.420990 1
2000000 1.000000 4337981 10094 2.668150 3.332026 1.108475 1
2000000 1.000000 4840355 11603 2.669564 3.658535 1.278810 1
2000000 1.000000 4330200 8603 2.674580 3.260274 1.017518 1
2000000 1.000000 4460950 10486 2.667795 3.472116 1.216330 1
2000000 1.000000 4844426 10481 2.669727 3.533389 1.158200 1
2000000 1.000000 4387704 10655 2.674043 3.410608 1.170188 1
2000000 1.000000 5956184 11542 2.671957 3.960530 1.228312 1
2000000 1.000000 6049977 11402 2.705226 3.973289 1.211509 1
2000000 1.000000 4190068 10230 2.673319 3.267298 1.099418 1
2000000 1.000000 4684927 11332 2.671654 3.649021 1.301065 1
2000000 1.000000 4794277 11021 2.667569 3.561832 1.198709 1
2000000 1.000000 2829797 6871 2.673710 2.584038 0.839445 1
2000000 1.000000 4489434 10421 2.673389 3.403763 1.148583 1
2000000 1.000000 4774248 11306 2.675749 3.465653 1.106857 1
2000000 1.000000 4717410 11294 2.680402 3.689517 1.320167 1
2000000 1.000000 5103695 9176 2.666217 3.477278 1.005516 1
2000000 1.000000 4502640 10970 2.670297 3.431496 1.177738 1
2000000 1.000000 7650884 10634 2.671972 4.417824 1.150074 1
2000000 1.000000 7159587 11750 2.676549 4.382776 1.282194 1
2000000 1.000000 4576005 10289 2.672559 3.509812 1.196369 1
2000000 1.000000 4591182 11152 2.676365 3.657723 1.336694 1
2000000 1.000000 4133847 10006 2.680466 3.221478 1.058656 1
2000000 1.000000 4177407 10151 2.675420 3.303784 1.111753 1
2000000 1.000000 4185288 10151 2.675354 3.293347 1.103372 1
2000000 1.000000 4808498 10168 2.671430 3.569746 1.197220 1
2000000 1.000000 4575123 8834 2.672772 3.263113 0.952995 1
2000000 1.000000 4984930 11563 2.677350 3.691187 1.255910 1
2000000 1.000000 4242447 9301 2.681941 3.219557 1.007957 1
2000000 1.000000 4489098 10456 2.671619 3.388266 1.108735 1
2000000 1.000000 4923262 11028 2.671669 3.607493 1.190889 1
