Sting Size|Edit Dist |Total Comm (bytes)|Literal comm|Partition Sym Diff|Total Num Partitions|Time Tree(s)|Time Recon(s)|Time Backtrack (included in Time Recon) (s)|Set Recon Success|Str Recon Success|Tree Heap SIze|High Water Heap|Rsync Comm
100000 10 5172 1899.000000 54.000000 806.000000 0.365086 0.213367 0.008202 1 1 0 7008199590141318268 5079
100000 10 21138 14781.000000 100.000000 812.000000 0.351539 0.210819 0.009663 1 1 0 7008199590141318268 2971
100000 10 4817 1552.000000 54.000000 1254.000000 0.366361 0.322766 0.003866 1 1 0 7008199590141318268 4373
100000 10 4271 1590.000000 34.000000 906.000000 0.370886 0.242623 0.005910 1 1 0 7008199590141318268 3667
100000 10 1202 227.000000 16.000000 978.000000 0.369886 0.247807 0.005069 1 1 0 7008199590141318268 2265
100000 10 2401 693.000000 27.000000 827.000000 0.369147 0.220337 0.005348 1 1 0 7008199590141318268 2965
100000 10 3754 905.000000 40.000000 1016.000000 0.371384 0.276620 0.006810 1 1 0 7008199590141318268 3677
100000 10 5268 1900.000000 55.000000 859.000000 0.368843 0.223301 0.007836 1 1 0 7008199590141318268 4379
100000 10 4330 1473.000000 40.000000 880.000000 0.377031 0.231250 0.005647 1 1 0 7008199590141318268 3665
100000 10 1125 150.000000 16.000000 866.000000 0.364490 0.225442 0.001609 1 1 0 7008199590141318268 2265
100000 10 6397 3108.000000 53.000000 1069.000000 0.356952 0.283243 0.006962 1 1 0 7008199590141318268 4369
100000 10 4474 1153.000000 56.000000 808.000000 0.363930 0.216408 0.003723 1 1 0 7008199590141318268 4385
