Str Size|Edit Diff|Comm (bits)|Time Set(s)|Time Str(s)|Str Recon True
100000 0.000100 111913 0.010143 3.084927 1
100000 0.000100 116129 0.012447 3.233579 1
100000 0.000100 120414 0.011930 3.200693 1
100000 0.000100 119886 0.012195 4.042192 1
100000 0.000100 115807 0.011539 3.105979 1
100000 0.000500 107652 0.012842 3.146861 1
100000 0.000500 70493 0.005240 2.279048 1
100000 0.000500 114007 0.011471 3.426022 1
100000 0.000500 118069 0.011796 3.103368 1
100000 0.000500 120998 0.010927 3.114901 1
100000 0.001000 126045 0.010872 3.144616 1
100000 0.001000 124170 0.013340 3.261814 1
100000 0.001000 139901 0.012511 3.213452 1
100000 0.001000 119737 0.011797 3.130281 1
100000 0.001000 117086 0.012584 3.174195 1
100000 0.005000 145043 0.013295 3.271644 1
100000 0.005000 119529 0.010350 3.138461 1
100000 0.005000 123824 0.014368 3.125271 1
100000 0.005000 110617 0.011609 3.025876 1
100000 0.005000 139282 0.012245 3.185843 1
100000 0.010000 143611 0.011949 3.079812 1
100000 0.010000 174632 0.016036 3.322905 1
100000 0.010000 130838 0.014652 3.270949 1
100000 0.010000 133950 0.013499 3.079275 1
100000 0.010000 121228 0.011260 3.153664 1
100000 0.050000 140479 0.013602 3.259369 1
100000 0.050000 144416 0.012860 3.226308 1
100000 0.050000 166359 0.016493 3.209540 1
100000 0.050000 126567 0.010959 3.158795 1
100000 0.050000 141401 0.010532 3.077332 1
400000 0.000100 130156 0.012811 3.731629 1
400000 0.000100 122630 0.013770 3.775914 1
400000 0.000100 125645 0.012748 3.774636 1
400000 0.000100 139542 0.014450 3.738908 1
400000 0.000100 107693 0.011980 3.692185 1
400000 0.000500 114990 0.013095 3.712193 1
400000 0.000500 125117 0.012802 3.754979 1
400000 0.000500 130174 0.014296 3.665058 1
400000 0.000500 131871 0.014107 3.633764 1
400000 0.000500 142128 0.016267 3.817498 1
400000 0.001000 167548 0.016666 3.799165 1
400000 0.001000 147691 0.015698 3.756461 1
400000 0.001000 137820 0.015301 3.722097 1
400000 0.001000 119663 0.011925 3.690467 1
400000 0.001000 147867 0.015954 3.831640 1
400000 0.005000 158546 0.016961 3.879723 1
400000 0.005000 145244 0.015919 3.991415 1
400000 0.005000 148313 0.015418 3.748749 1
400000 0.005000 210134 0.017431 3.794694 1
400000 0.005000 138115 0.014802 3.911495 1
400000 0.010000 197199 0.017761 3.901842 1
400000 0.010000 221528 0.017738 3.848832 1
400000 0.010000 141282 0.015133 3.745426 1
400000 0.010000 141871 0.014884 3.715330 1
400000 0.010000 172235 0.017023 3.795940 1
400000 0.050000 189870 0.018146 3.946818 1
400000 0.050000 247352 0.016402 3.859314 1
400000 0.050000 177901 0.013934 3.691372 1
400000 0.050000 237004 0.021885 3.795238 1
400000 0.050000 161753 0.015234 3.747437 1
800000 0.000100 136790 0.018991 4.526838 1
800000 0.000100 131889 0.015196 4.321210 1
800000 0.000100 139776 0.017584 4.297886 1
800000 0.000100 137663 0.019546 4.271602 1
800000 0.000100 131753 0.016364 4.283409 1
800000 0.000500 152059 0.018435 4.373409 1
800000 0.000500 154697 0.018567 4.310025 1
800000 0.000500 125568 0.016067 4.318980 1
800000 0.000500 159559 0.020123 4.354730 1
800000 0.000500 158164 0.018019 4.370802 1
800000 0.001000 152895 0.020933 4.348075 1
800000 0.001000 184777 0.022362 4.404671 1
800000 0.001000 146326 0.017822 4.314990 1
800000 0.001000 435571 0.032775 4.578180 1
800000 0.001000 139601 0.018840 4.297107 1
800000 0.005000 132607 0.017295 4.294198 1
800000 0.005000 152897 0.020885 4.400986 1
800000 0.005000 183293 0.024576 4.547632 1
800000 0.005000 127702 0.016874 4.323034 1
800000 0.005000 206311 0.021728 5.268599 1
800000 0.010000 129974 0.017537 5.723122 1
800000 0.010000 266499 0.021572 5.762980 1
800000 0.010000 204771 0.022403 4.749420 1
800000 0.010000 414863 0.023108 4.689785 1
800000 0.010000 156095 0.018496 4.606350 1
800000 0.050000 277109 0.020440 5.204326 1
800000 0.050000 268249 0.023323 5.050593 1
800000 0.050000 257328 0.026169 5.358329 1
800000 0.050000 442429 0.027099 4.986020 1
800000 0.050000 285079 0.021254 5.315709 1
1200000 0.000100 149527 0.020872 5.613576 1
1200000 0.000100 143892 0.021661 5.273534 1
1200000 0.000100 154152 0.024420 5.573702 1
1200000 0.000100 152492 0.022681 5.395416 1
1200000 0.000100 128233 0.021247 5.548708 1
1200000 0.000500 153640 0.022052 5.236280 1
1200000 0.000500 131275 0.025449 5.636709 1
1200000 0.000500 162755 0.023756 5.577660 1
1200000 0.000500 131620 0.019942 5.521342 1
1200000 0.000500 178439 0.032296 5.505174 1
1200000 0.001000 143147 0.022050 5.400875 1
1200000 0.001000 188537 0.025378 5.821758 1
1200000 0.001000 191664 0.025033 5.516893 1
1200000 0.001000 162917 0.023805 5.383447 1
1200000 0.001000 180885 0.025644 5.448929 1
1200000 0.005000 146521 0.022202 5.369139 1
1200000 0.005000 353035 0.028384 5.413232 1
1200000 0.005000 170205 0.023147 5.163946 1
1200000 0.005000 163284 0.021472 5.214755 1
1200000 0.005000 169899 0.024006 5.578667 1
1200000 0.010000 217063 0.028068 5.423318 1
1200000 0.010000 356408 0.025720 5.368967 1
1200000 0.010000 181477 0.025950 5.246984 1
1200000 0.010000 164072 0.024120 5.356121 1
1200000 0.010000 211915 0.024842 5.245718 1
1200000 0.050000 693498 0.041431 5.708711 1
1200000 0.050000 353133 0.031863 5.475132 1
1200000 0.050000 305939 0.024561 5.468803 1
1200000 0.050000 471355 0.033169 5.405127 1
1200000 0.050000 505290 0.033013 5.566989 1
1600000 0.000100 186383 0.030209 6.033594 1
1600000 0.000100 160388 0.026675 6.317719 1
1600000 0.000100 139395 0.026623 6.036916 1
1600000 0.000100 189906 0.031731 5.814475 1
1600000 0.000100 152693 0.027430 5.726585 1
1600000 0.000500 150790 0.027883 5.940636 1
1600000 0.000500 166566 0.029925 5.878848 1
1600000 0.000500 229398 0.033558 6.000003 1
1600000 0.000500 175586 0.029153 6.514168 1
1600000 0.000500 153100 0.030498 5.986141 1
1600000 0.001000 174230 0.028112 6.133069 1
1600000 0.001000 153402 0.028749 5.962097 1
1600000 0.001000 247954 0.028012 5.911152 1
1600000 0.001000 191978 0.028191 5.931058 1
1600000 0.001000 405707 0.030213 5.515940 1
1600000 0.005000 257027 0.030187 5.396934 1
1600000 0.005000 249071 0.027357 5.431922 1
1600000 0.005000 291367 0.033014 5.453500 1
1600000 0.005000 214161 0.031115 5.397395 1
1600000 0.005000 557537 0.035533 5.526144 1
1600000 0.010000 253893 0.029762 5.342113 1
1600000 0.010000 276780 0.032557 5.438270 1
1600000 0.010000 396250 0.032349 6.289163 1
1600000 0.010000 226247 0.028161 5.463623 1
1600000 0.010000 211786 0.028445 5.488709 1
1600000 0.050000 753548 0.046046 5.755212 1
1600000 0.050000 322274 0.030292 5.512989 1
1600000 0.050000 1317523 0.056157 6.193593 1
1600000 0.050000 436795 0.037539 6.042616 1
1600000 0.050000 1176129 0.053648 6.227176 1
2000000 0.000100 172226 0.036154 8.186691 1
2000000 0.000100 129072 0.033302 8.373549 1
2000000 0.000100 117412 0.029918 8.439224 1
2000000 0.000100 184925 0.031883 5.828257 1
2000000 0.000100 145185 0.029843 5.922637 1
2000000 0.000500 146073 0.030807 5.796654 1
2000000 0.000500 174220 0.030752 5.843102 1
2000000 0.000500 189925 0.032842 5.924163 1
2000000 0.000500 141562 0.028207 5.851645 1
2000000 0.000500 213815 0.031827 5.992735 1
2000000 0.001000 140569 0.027959 5.814264 1
2000000 0.001000 172366 0.031282 5.934463 1
2000000 0.001000 216062 0.035181 5.915093 1
2000000 0.001000 155527 0.031749 5.772816 1
2000000 0.001000 171777 0.030742 6.001010 1
2000000 0.005000 235274 0.032157 5.959400 1
2000000 0.005000 369053 0.044529 6.673332 1
2000000 0.005000 836387 0.045889 7.182456 1
2000000 0.005000 220701 0.038015 5.942736 1
2000000 0.005000 229508 0.039672 5.917148 1
2000000 0.010000 205599 0.032950 5.847618 1
2000000 0.010000 239436 0.035577 5.927176 1
2000000 0.010000 219276 0.034347 5.874609 1
2000000 0.010000 639084 0.045995 6.118042 1
2000000 0.010000 269478 0.035284 5.947797 1
2000000 0.050000 540856 0.041119 5.995633 1
2000000 0.050000 286836 0.035711 5.914016 1
2000000 0.050000 959920 0.047806 6.725884 1
2000000 0.050000 762100 0.049715 6.584661 1
2000000 0.050000 603452 0.045702 6.426653 1
