Sting Size|Edit Dist %|Total Comm (bytes)|Literal comm|Partition Sym Diff|Total Num Partitions|Time Tree(s)|Time Recon(s)|Time Backtrack (included in Time Recon) (s)|Set Recon Success|Str Recon Success|Tree Heap SIze|High Water Heap|Rsync Comm
100000 0.000010 11180 204.000000 16.000000 598.000000 0.368421 0.260607 0.001375 1 1 187224 3203015332052624485 0
100000 0.000010 10365 345.000000 16.000000 890.000000 0.396368 0.316787 0.001680 1 1 222520 3203015332052624485 0
100000 0.000010 10717 313.000000 16.000000 958.000000 0.423450 0.339890 0.001449 1 1 231064 11953 0
100000 0.000010 10556 584.000000 14.000000 732.000000 0.403023 0.281801 0.001426 1 1 202152 11953 0
100000 0.000010 10128 284.000000 16.000000 816.000000 0.404814 0.301352 0.001362 1 1 213064 11953 0
100000 0.000010 10722 266.000000 18.000000 1084.000000 0.411183 0.375733 0.001544 1 1 255144 11953 0
100000 0.000010 11155 751.000000 16.000000 924.000000 0.397820 0.335793 0.001345 1 1 226536 11953 0
100000 0.000010 10472 444.000000 16.000000 876.000000 0.424061 0.310287 0.001505 1 1 220648 11953 0
100000 0.000010 10801 441.000000 14.000000 1028.000000 0.395016 0.354309 0.001706 1 1 248104 11953 0
100000 0.000010 10417 441.000000 14.000000 1028.000000 0.398354 0.343959 0.001389 1 1 248104 11953 0
100000 0.000010 10992 1012.000000 14.000000 584.000000 0.358004 0.246840 0.001397 1 1 183240 11953 0
100000 0.000010 10679 267.000000 16.000000 930.000000 0.397441 0.337893 0.001230 1 1 227448 11953 0
100000 0.000010 14768 1300.000000 43.000000 821.000000 0.397313 0.322353 0.001578 1 1 212632 11953 0
100000 0.000010 11014 610.000000 16.000000 1044.000000 0.410067 0.439214 0.001935 1 1 250152 11953 0
100000 0.000010 10264 420.000000 16.000000 732.000000 0.391634 0.290090 0.002920 1 1 202152 11953 0
100000 0.000010 10665 205.000000 18.000000 1044.000000 0.414614 0.362456 0.001428 1 1 250152 11953 0
100000 0.000010 11977 1001.000000 16.000000 412.000000 0.357526 0.209703 0.001642 1 1 157160 11953 0
100000 0.000010 10349 329.000000 16.000000 810.000000 0.405319 0.332116 0.001315 1 1 212088 11953 0
100000 0.000010 10243 347.000000 18.000000 770.000000 0.396388 0.292075 0.001249 1 1 207032 11953 0
100000 0.000010 9639 275.000000 12.000000 1034.000000 0.417420 0.353153 0.001423 1 1 248824 11953 0
100000 0.000010 9828 368.000000 16.000000 816.000000 0.405547 0.300238 0.001395 1 1 213064 11953 0
100000 0.000010 11216 200.000000 18.000000 958.000000 0.418221 0.345887 0.001162 1 1 231064 11953 0
100000 0.000010 10675 699.000000 14.000000 570.000000 0.387132 0.248021 0.001934 1 1 181368 11953 0
100000 0.000010 10568 160.000000 16.000000 814.000000 0.410868 0.308533 0.001742 1 1 212632 11953 0
100000 0.000010 10589 137.000000 18.000000 810.000000 0.395644 0.306125 0.001359 1 1 212088 11953 0
100000 0.000010 10624 216.000000 16.000000 930.000000 0.395944 0.334790 0.001859 1 1 227448 11953 0
100000 0.000010 10372 960.000000 14.000000 816.000000 0.404009 0.296294 0.001590 1 1 213064 11953 0
100000 0.000010 10934 474.000000 18.000000 512.000000 0.383509 0.239193 0.001708 1 1 169800 11953 0
100000 0.000010 10905 930.000000 14.000000 822.000000 0.392992 0.303798 0.001502 1 1 213464 11953 0
100000 0.000010 11132 724.000000 16.000000 774.000000 0.390726 0.307126 0.001350 1 1 207512 11953 0
100000 0.000010 11562 542.000000 18.000000 878.000000 0.398252 0.328964 0.001947 1 1 220760 11953 0
100000 0.000010 10549 193.000000 14.000000 830.000000 0.415969 0.316071 0.001037 1 1 214680 11953 0
100000 0.000010 11246 1314.000000 12.000000 412.000000 0.352926 0.202138 0.001448 1 1 157160 11953 0
100000 0.000010 9911 499.000000 14.000000 830.000000 0.400524 0.300422 0.002219 1 1 214680 11953 0
100000 0.000010 11222 210.000000 17.000000 931.000000 0.400314 0.345670 0.001319 1 1 227448 11953 0
100000 0.000010 10651 635.000000 16.000000 732.000000 0.400240 0.285258 0.002110 1 1 202152 11953 0
100000 0.000010 11165 185.000000 16.000000 732.000000 0.390345 0.290338 0.001489 1 1 202152 11953 0
100000 0.000010 10351 552.000000 14.000000 822.000000 0.424555 0.313081 0.001453 1 1 213464 11953 0
100000 0.000010 10654 246.000000 16.000000 930.000000 0.425797 0.354206 0.001227 1 1 227448 11953 0
100000 0.000010 10771 367.000000 16.000000 732.000000 0.396063 0.293187 0.001385 1 1 202152 11953 0
100000 0.000010 9707 771.000000 10.000000 774.000000 0.403976 0.311171 0.001431 1 1 207512 11953 0
100000 0.000010 11282 270.000000 18.000000 732.000000 0.406312 0.293103 0.001383 1 1 202152 11953 0
100000 0.000010 11423 407.000000 18.000000 770.000000 0.396790 0.304719 0.001659 1 1 207032 11953 0
100000 0.000010 10889 441.000000 18.000000 1056.000000 0.406980 0.366105 0.001896 1 1 251640 11953 0
100000 0.000010 10702 294.000000 16.000000 892.000000 0.421055 0.329935 0.001779 1 1 222824 11953 0
100000 0.000010 11201 177.000000 18.000000 1084.000000 0.418626 0.388200 0.001993 1 1 255144 11953 0
100000 0.000010 10857 409.000000 18.000000 770.000000 0.390968 0.300926 0.001733 1 1 207032 11953 0
100000 0.000010 10625 653.000000 14.000000 584.000000 0.392430 0.255065 0.002026 1 1 183240 11953 0
100000 0.000010 10168 144.000000 16.000000 892.000000 0.443721 0.324678 0.001619 1 1 222824 11953 0
