Level|Partition|Comm (bytes)|Actual Sym Diff|Time Tree(s)|Time Recon(s)|Time Backtrack (included in Time Recon) (s)|Str Recon True
100000 0.000010 65910 14 0.155815 0.234084 0.007026 1
100000 0.000100 69297 34 0.152492 0.212578 0.009183 1
100000 0.001000 87453 76 0.154151 0.266024 0.011110 1
100000 0.010000 170543 189 0.151942 0.305394 0.011707 1
100000 0.100000 224519 483 0.168392 0.245430 0.015265 1
100000 1.000000 540424 1634 0.150708 0.380744 0.046830 1
400000 0.000010 76336 14 0.595252 0.790430 0.011721 1
400000 0.000100 71918 26 0.597557 0.656678 0.018948 1
400000 0.001000 130103 141 0.616917 0.612256 0.024877 1
400000 0.010000 157602 304 0.586244 0.588976 0.043428 1
400000 0.100000 574974 1434 0.586548 0.894938 0.120443 1
400000 1.000000 1866896 5753 0.596210 1.641259 0.406404 1
800000 0.000010 75518 26 1.160688 0.806239 0.021745 1
800000 0.000100 106982 76 1.172589 1.253274 0.048427 1
800000 0.001000 99039 111 1.172850 0.783208 0.035875 1
800000 0.010000 236430 459 1.161243 0.868802 0.063140 1
800000 0.100000 1805589 3544 1.185558 1.725992 0.298162 1
800000 1.000000 3082120 7003 1.163340 2.438996 0.534895 1
1200000 0.000010 79209 42 1.733900 0.909927 0.030980 1
1200000 0.000100 221237 409 1.737817 1.017231 0.084409 1
1200000 0.001000 137716 217 1.731102 0.949542 0.045833 1
1200000 0.010000 195583 268 1.762571 0.977845 0.060682 1
1200000 0.100000 868789 2175 1.732606 1.433712 0.251783 1
1200000 1.000000 2626685 7935 1.745062 2.733354 0.783001 1
1600000 0.000010 101155 60 2.290372 1.488692 0.047806 1
1600000 0.000100 99615 90 2.316528 0.995368 0.058948 1
1600000 0.001000 111238 96 2.302637 1.011673 0.058668 1
1600000 0.010000 864127 1292 2.330475 1.873264 0.193781 1
1600000 0.100000 1521775 3455 2.295311 2.073937 0.442878 1
1600000 1.000000 3919127 9828 2.287601 3.507781 1.011167 1
2000000 0.000010 69717 14 2.875913 1.065237 0.032373 1
2000000 0.000100 182325 165 2.908107 1.675676 0.064224 1
2000000 0.001000 125829 123 2.889948 1.193369 0.072843 1
2000000 0.010000 242224 470 3.097911 1.321724 0.107313 1
2000000 0.100000 1864517 3609 2.992584 2.482312 0.431875 1
2000000 1.000000 3919121 9987 2.884643 3.729925 1.184356 1
