Level|Partition|Total Comm (bytes)|Literal comm|Partition Sym Diff|Total Num Partitions|Time Tree(s)|Time Recon(s)|Time Backtrack (included in Time Recon) (s)|Set Recon Success|Str Recon Success|Tree Heap SIze|High Water Heap|Rsync Comm
4 3 463796 456961.000000 82.000000 312.000000 2.409633 1.024944 0.020920 1 1 0 0 23788
4 3 1387557 1384374.000000 33.000000 33.000000 0.832560 0.163860 0.006901 1 0 0 0 14988
4 3 391363 384200.000000 86.000000 312.000000 2.432526 1.017754 0.024893 1 1 0 0 27854
4 3 615175 604911.000000 122.000000 312.000000 2.429803 1.036335 0.022678 1 1 0 0 29854
4 3 601529 595142.000000 68.000000 312.000000 2.432660 1.033230 0.020098 1 1 0 0 24648
4 3 233781 229890.000000 44.000000 312.000000 2.434902 1.008272 0.021201 1 1 0 0 24624
4 3 1034309 1021139.000000 172.000000 312.000000 2.453524 1.032074 0.025673 1 1 0 0 23226
4 3 393126 386435.000000 74.000000 312.000000 2.447036 1.018404 0.022429 1 1 0 0 28546
4 3 400129 393916.000000 70.000000 312.000000 2.456418 1.020306 0.023524 1 1 0 0 27288
4 3 1362567 1359733.000000 31.000000 31.000000 0.830579 0.158398 0.005015 1 0 0 0 14994
4 4 150106 144617.000000 64.000000 798.000000 2.838876 2.533542 0.022728 1 1 0 0 23600
4 4 303050 290440.000000 144.000000 800.000000 2.843170 2.539994 0.025142 1 1 0 0 27778
4 4 130870 125644.000000 56.000000 800.000000 2.837410 2.521424 0.022390 1 1 0 0 20898
4 4 95786 89923.000000 58.000000 800.000000 2.841770 2.533119 0.023186 1 1 0 0 25896
4 4 1715745 1713902.000000 20.000000 20.000000 0.733538 0.144584 0.009062 1 0 0 0 14994
4 4 2002748 2000998.000000 18.000000 18.000000 0.730867 0.147924 0.016576 1 1 0 0 14774
4 4 377705 364607.000000 168.000000 800.000000 2.847186 2.539604 0.022964 1 1 0 0 22026
4 4 71686 66144.000000 48.000000 798.000000 2.838820 2.516237 0.019462 1 1 0 0 23726
4 4 130008 123970.000000 64.000000 798.000000 2.835448 2.537101 0.027748 1 1 0 0 28880
4 4 142552 135005.000000 86.000000 800.000000 2.839027 2.528492 0.025646 1 1 0 0 29014
4 5 514240 510476.000000 36.000000 784.000000 2.810155 2.485868 0.019231 1 1 0 0 19822
4 5 67548 61694.000000 56.000000 1086.000000 3.112890 3.417390 0.024669 1 1 0 0 29252
4 5 78105 72306.000000 64.000000 1274.000000 3.115791 3.992244 0.023937 1 1 0 0 19566
4 5 45668 40515.000000 44.000000 1102.000000 3.102599 3.466014 0.024907 1 1 0 0 23546
4 5 52274 48341.000000 44.000000 1260.000000 3.114823 3.949557 0.025907 1 1 0 0 26038
4 5 63803 56807.000000 71.000000 1329.000000 3.120370 4.212407 0.032086 1 1 0 0 32214
4 5 52637 47158.000000 46.000000 1232.000000 3.115535 3.869843 0.026495 1 1 0 0 23762
4 5 1663071 1660365.000000 23.000000 23.000000 0.695590 0.157078 0.012973 1 0 0 0 14994
4 5 564630 538236.000000 339.000000 1243.000000 3.127493 3.930316 0.034839 1 1 0 0 29064
4 5 27060 23216.000000 38.000000 1258.000000 3.116892 3.945932 0.028940 1 1 0 0 22934
4 6 17442 14608.000000 26.000000 1284.000000 3.401800 4.028109 0.025542 1 1 0 0 19052
4 6 55590 49399.000000 64.000000 1344.000000 3.428631 4.246268 0.027247 1 1 0 0 28898
4 6 121889 111913.000000 103.000000 1359.000000 3.414286 4.291934 0.029186 1 1 0 0 23242
4 6 45683 39804.000000 53.000000 1501.000000 3.414044 4.738786 0.029255 1 1 0 0 27584
4 6 119715 111992.000000 96.000000 1436.000000 3.407240 4.528111 0.026685 1 1 0 0 23274
4 6 51643 45988.000000 50.000000 1328.000000 3.403971 4.209833 0.027110 1 1 0 0 29352
4 6 197632 184253.000000 152.000000 1470.000000 3.414387 4.621454 0.032714 1 1 0 0 33200
4 6 50698 46734.000000 45.000000 1401.000000 3.410139 4.403805 0.023589 1 1 0 0 21566
4 6 91007 84315.000000 66.000000 1106.000000 3.403786 3.480406 0.025270 1 1 0 0 30434
4 6 37378 31772.000000 45.000000 1585.000000 3.420012 5.015047 0.026858 1 1 0 0 24926
4 7 101241 93758.000000 91.000000 1541.000000 3.902149 4.817729 0.026718 1 1 0 0 25924
4 7 110606 104847.000000 57.000000 1325.000000 3.833602 4.152065 0.022859 1 1 0 0 23306
4 7 50495 45112.000000 46.000000 1138.000000 3.907715 3.578846 0.027252 1 1 0 0 24340
4 7 43772 38110.000000 46.000000 1280.000000 3.924252 4.021795 0.028132 1 1 0 0 27426
4 7 59384 54367.000000 45.000000 991.000000 3.908991 3.121068 0.028493 1 1 0 0 22946
4 7 27384 22094.000000 46.000000 1502.000000 3.897522 4.709955 0.031388 1 1 0 0 26402
4 7 30479 24800.000000 48.000000 1462.000000 3.787424 4.585490 0.030319 1 1 0 0 26566
4 7 59034 53268.000000 53.000000 1465.000000 3.911374 4.586547 0.028005 1 1 0 0 24366
4 7 49295 43441.000000 59.000000 1323.000000 3.891910 4.158416 0.027973 1 1 0 0 25018
4 7 72688 66529.000000 59.000000 1301.000000 3.895099 4.089749 0.029795 1 1 0 0 27540
4 8 45468 42324.000000 28.000000 1194.000000 4.436921 3.747526 0.027831 1 1 0 0 20406
4 8 25768 22589.000000 32.000000 1306.000000 4.447547 4.096588 0.026783 1 1 0 0 21924
4 8 95103 89105.000000 57.000000 1029.000000 4.432787 3.253989 0.028014 1 1 0 0 26400
4 8 69916 63781.000000 65.000000 1195.000000 4.411172 3.754818 0.028775 1 1 0 0 21322
4 8 32591 29043.000000 33.000000 1071.000000 4.436428 3.371959 0.028265 1 1 0 0 23370
4 8 65375 61636.000000 36.000000 914.000000 4.435832 2.894729 0.030525 1 1 0 0 25140
4 8 140203 133048.000000 81.000000 1103.000000 4.431146 3.477927 0.030718 1 1 0 0 25140
4 8 65921 60210.000000 47.000000 1035.000000 4.431243 3.261700 0.031001 1 1 0 0 27324
4 8 100275 93239.000000 74.000000 1092.000000 4.440809 3.484327 0.035352 1 1 0 0 30746
4 8 95384 88348.000000 73.000000 1051.000000 4.439538 3.340667 0.033049 1 1 0 0 27468
5 3 279756 265185.000000 192.000000 1562.000000 3.804131 4.948396 0.040357 1 1 0 0 29288
5 3 80347 72743.000000 88.000000 1562.000000 3.776168 4.945544 0.035193 1 1 0 0 30386
5 3 67361 60653.000000 66.000000 1250.000000 3.788425 3.929778 0.033271 1 1 0 0 23926
5 3 70899 63600.000000 86.000000 1562.000000 3.788594 4.906647 0.034705 1 1 0 0 27496
5 3 214504 200726.000000 180.000000 1562.000000 3.790679 4.920478 0.032096 1 1 0 0 21120
5 3 36854 30839.000000 60.000000 1562.000000 3.785070 4.907562 0.032160 1 1 0 0 26032
5 3 42252 36602.000000 58.000000 1562.000000 3.776336 4.909029 0.033043 1 1 0 0 23334
5 3 83243 77665.000000 61.000000 967.000000 3.090871 3.088074 0.023197 1 0 0 0 20832
5 3 105048 95087.000000 108.000000 1562.000000 3.777946 4.917490 0.030508 1 1 0 0 25422
5 3 149158 136620.000000 130.000000 1562.000000 3.778129 4.951010 0.036896 1 1 0 0 30796
5 4 37832 30436.000000 83.000000 2763.000000 4.621402 8.629491 0.035088 1 1 0 0 28154
5 4 138977 132507.000000 75.000000 2785.000000 4.542301 8.715404 0.025819 1 1 0 0 18546
5 4 67060 57043.000000 99.000000 2633.000000 4.592304 8.245351 0.039637 1 1 0 0 29416
5 4 191598 171599.000000 227.000000 2313.000000 4.630507 7.265301 0.048708 1 1 0 0 30820
5 4 35671 29696.000000 62.000000 2640.000000 4.651463 8.284014 0.037976 1 1 0 0 23458
5 4 44153 36798.000000 81.000000 2581.000000 4.633435 8.143724 0.037545 1 1 0 0 23396
5 4 43620 33820.000000 91.000000 2947.000000 4.647608 9.222595 0.045246 1 1 0 0 28920
5 4 191490 166576.000000 293.000000 2649.000000 4.630275 8.367515 0.050878 1 1 0 0 23716
5 4 1385201 1381379.000000 46.000000 50.000000 0.830753 0.246967 0.009434 1 0 0 0 14988
5 4 95769 84347.000000 126.000000 2510.000000 4.633079 7.904097 0.039750 1 1 0 0 26246
5 5 28105 25034.000000 31.000000 2463.000000 5.871217 7.690539 0.027624 1 1 0 0 18160
5 5 21677 16676.000000 39.000000 2185.000000 5.821184 6.879627 0.034604 1 1 0 0 23212
5 5 21715 16497.000000 50.000000 2342.000000 5.833671 7.410365 0.032824 1 1 0 0 24826
5 5 29725 23998.000000 54.000000 2534.000000 5.865063 7.924520 0.034280 1 1 0 0 24890
5 5 667524 661613.000000 53.000000 1709.000000 5.063620 5.392198 0.025837 1 1 0 0 24860
5 5 86255 74770.000000 119.000000 2527.000000 5.847621 7.905602 0.045187 1 1 0 0 33386
5 5 21164 15794.000000 48.000000 2554.000000 5.862637 8.057794 0.038197 1 1 0 0 25154
5 5 28199 21172.000000 66.000000 2218.000000 5.831330 6.963106 0.043579 1 1 0 0 25790
5 5 32916 26749.000000 60.000000 2418.000000 5.856461 7.570987 0.034639 1 1 0 0 25504
5 5 28111 22941.000000 45.000000 2291.000000 5.834557 7.186665 0.032684 1 1 0 0 20406
5 6 69618 62302.000000 85.000000 2107.000000 6.827165 6.624865 0.040577 1 1 0 0 25030
5 6 50433 43437.000000 70.000000 1856.000000 6.908539 5.838406 0.041054 1 1 0 0 32756
5 6 38974 32824.000000 62.000000 2158.000000 6.827535 6.764022 0.040304 1 1 0 0 24924
5 6 87336 79708.000000 90.000000 1746.000000 6.912299 5.506653 0.045626 1 1 0 0 27452
5 6 31618 24502.000000 66.000000 2432.000000 6.970777 7.643189 0.045689 1 1 0 0 27852
5 6 75390 70076.000000 50.000000 1220.000000 6.848646 3.850281 0.042180 1 1 0 0 24800
5 6 37936 32202.000000 54.000000 2034.000000 6.895364 6.369895 0.041002 1 1 0 0 21988
5 6 47771 40519.000000 68.000000 1530.000000 6.890223 4.845445 0.053379 1 1 0 0 33154
5 6 64708 57136.000000 99.000000 1987.000000 6.922682 6.274159 0.042441 1 1 0 0 22526
5 6 72672 65828.000000 67.000000 1437.000000 6.827812 4.576919 0.044703 1 1 0 0 30724
5 7 101668 94120.000000 88.000000 1862.000000 7.867547 5.846866 0.048056 1 1 0 0 27082
5 7 22383 18530.000000 39.000000 1735.000000 7.909187 5.450522 0.035193 1 1 0 0 20926
5 7 65276 59405.000000 54.000000 1642.000000 7.788900 5.158854 0.045012 1 1 0 0 22036
5 7 50480 43677.000000 67.000000 1519.000000 7.810323 4.796982 0.047337 1 1 0 0 27848
5 7 23469 19481.000000 44.000000 2106.000000 7.903493 6.610258 0.040658 1 1 0 0 20508
5 7 28019 24829.000000 30.000000 1810.000000 7.875617 5.687915 0.040408 1 1 0 0 20758
5 7 79649 72702.000000 70.000000 1416.000000 7.809638 4.466798 0.045335 1 1 0 0 30568
5 7 45530 37998.000000 80.000000 2348.000000 7.960574 7.377547 0.048787 1 1 0 0 31866
5 7 34609 29535.000000 38.000000 1120.000000 7.808052 3.544227 0.044359 1 1 0 0 24982
5 7 24174 20465.000000 33.000000 1591.000000 7.879287 5.021168 0.040942 1 1 0 0 22252
5 8 58423 50939.000000 79.000000 1571.000000 8.696272 4.964483 0.050216 1 1 0 0 33014
5 8 133553 126574.000000 77.000000 1179.000000 9.048410 3.743109 0.043721 1 1 0 0 22566
5 8 72968 66100.000000 67.000000 1649.000000 8.613775 5.216306 0.043567 1 1 0 0 30354
5 8 45074 39052.000000 58.000000 1348.000000 8.686190 4.249731 0.047653 1 1 0 0 29220
5 8 31572 26466.000000 43.000000 1435.000000 8.155008 4.533305 0.043232 1 1 0 0 24252
5 8 55373 49502.000000 57.000000 1667.000000 8.714028 5.278305 0.043345 1 1 0 0 25170
5 8 92858 82866.000000 97.000000 1745.000000 8.676315 5.495637 0.045963 1 1 0 0 34552
5 8 55488 50136.000000 50.000000 1108.000000 8.684189 3.517297 0.043671 1 1 0 0 27248
5 8 33946 28091.000000 54.000000 1898.000000 8.721712 5.985027 0.044891 1 1 0 0 26150
5 8 49232 43274.000000 54.000000 1668.000000 8.799630 5.241870 0.046880 1 1 0 0 25858
6 3 21233 14109.000000 74.000000 4624.000000 6.058226 14.523289 0.050254 1 1 0 0 22812
6 3 27184 20596.000000 66.000000 4722.000000 6.053078 14.723615 0.044981 1 1 0 0 20892
6 3 106074 86042.000000 236.000000 4326.000000 6.007668 13.626239 0.060488 1 1 0 0 28552
6 3 27807 21059.000000 72.000000 5092.000000 6.045688 15.953822 0.046517 1 1 0 0 21868
6 3 48973 37655.000000 118.000000 4016.000000 6.003413 12.608507 0.053947 1 1 0 0 28158
6 3 48031 36385.000000 126.000000 4250.000000 6.047038 13.273309 0.055571 1 1 0 0 28276
6 3 41725 30972.000000 122.000000 4436.000000 6.183517 13.867243 0.055720 1 1 0 0 27338
6 3 43329 33048.000000 106.000000 4084.000000 6.014394 12.757764 0.049292 1 1 0 0 25154
6 3 41108 31163.000000 102.000000 3702.000000 6.018512 11.559498 0.055758 1 1 0 0 24626
6 3 17593 11322.000000 64.000000 3818.000000 6.056547 11.897573 0.046016 1 1 0 0 23772
6 4 44063 36444.000000 102.000000 3670.000000 8.309042 11.454472 0.046978 1 1 0 0 21220
6 4 37526 26088.000000 115.000000 4145.000000 8.338972 12.972049 0.056929 1 1 0 0 30410
6 4 65287 54662.000000 119.000000 2961.000000 8.236888 9.279955 0.053623 1 1 0 0 28820
6 4 89779 76106.000000 153.000000 4355.000000 8.417749 13.597792 0.053904 1 1 0 0 27494
6 4 29828 22497.000000 75.000000 3723.000000 8.354219 11.643312 0.044915 1 1 0 0 25140
6 4 16591 11477.000000 43.000000 3903.000000 8.312329 12.257048 0.034679 1 1 0 0 20406
6 4 20252 14517.000000 54.000000 3558.000000 8.256042 11.099202 0.042595 1 1 0 0 21134
6 4 36563 25725.000000 96.000000 3674.000000 8.276733 11.574439 0.058694 1 1 0 0 31828
6 4 64251 53874.000000 114.000000 4112.000000 8.352404 12.849355 0.051486 1 1 0 0 25200
6 4 64434 51927.000000 130.000000 3358.000000 8.284310 10.524647 0.056429 1 1 0 0 23788
6 5 34861 27882.000000 72.000000 3654.000000 10.307091 11.437753 0.050070 1 1 0 0 23570
6 5 22122 14967.000000 71.000000 2655.000000 9.667439 8.324635 0.051325 1 1 0 0 24690
6 5 22795 15807.000000 66.000000 3498.000000 10.248947 10.947380 0.052745 1 1 0 0 27762
6 5 52789 42452.000000 96.000000 2522.000000 10.305386 7.912119 0.061304 1 1 0 0 36580
6 5 62759 51289.000000 122.000000 3078.000000 10.228215 9.695854 0.061720 1 1 0 0 29210
6 5 31510 25255.000000 64.000000 2784.000000 10.209097 8.745330 0.056744 1 1 0 0 26432
6 5 37540 31197.000000 64.000000 2310.000000 10.186252 7.330471 0.061161 1 1 0 0 28794
6 5 31906 22154.000000 87.000000 3229.000000 10.232704 10.110241 0.058999 1 1 0 0 27926
6 5 38683 28794.000000 93.000000 3337.000000 10.170146 10.483798 0.060151 1 1 0 0 26240
6 5 59697 48403.000000 115.000000 3037.000000 10.233150 9.542187 0.059960 1 1 0 0 33752
6 6 46258 38999.000000 76.000000 2860.000000 11.321783 9.040828 0.054306 1 1 0 0 27844
6 6 99668 89339.000000 102.000000 2250.000000 11.396664 7.073186 0.059471 1 1 0 0 31358
6 6 42437 32492.000000 88.000000 3068.000000 11.378067 9.643687 0.061416 1 1 0 0 31314
6 6 47439 40572.000000 67.000000 2503.000000 11.550518 7.905235 0.058410 1 1 0 0 23600
6 6 42200 31975.000000 110.000000 3072.000000 11.470606 9.652788 0.055957 1 1 0 0 22196
6 6 51900 44376.000000 85.000000 3135.000000 11.404700 9.814085 0.051070 1 1 0 0 25174
6 6 26746 20588.000000 61.000000 2447.000000 11.463992 7.683501 0.052420 1 1 0 0 24198
6 6 35870 28827.000000 73.000000 2401.000000 11.435849 7.565741 0.056132 1 1 0 0 27864
6 6 32169 26791.000000 50.000000 2114.000000 11.467172 6.668788 0.053690 1 1 0 0 27432
6 6 40107 34100.000000 64.000000 3164.000000 11.226747 9.961864 0.042292 1 1 0 0 20408
6 7 78243 70880.000000 83.000000 2303.000000 12.220174 7.229631 0.052232 1 1 0 0 24618
6 7 77909 71202.000000 69.000000 1571.000000 12.267754 4.973626 0.056900 1 1 0 0 24154
6 7 77803 70663.000000 80.000000 2106.000000 12.180379 6.618894 0.051203 1 1 0 0 23318
6 7 62225 56719.000000 55.000000 2433.000000 12.250312 7.669521 0.046454 1 1 0 0 23732
6 7 30633 23261.000000 85.000000 2751.000000 12.353189 8.677791 0.051819 1 1 0 0 24920
6 7 4012 320.000000 42.000000 82.000000 0.962773 0.323033 0.013502 1 0 0 0 14988
6 7 87513 77520.000000 99.000000 2061.000000 12.544326 6.577276 0.059343 1 1 0 0 27638
6 7 85561 74992.000000 113.000000 2267.000000 12.261900 7.142591 0.058074 1 1 0 0 30814
6 7 17482 14267.000000 30.000000 2438.000000 12.394990 7.663036 0.036157 1 1 0 0 20954
6 7 32862 25402.000000 79.000000 2507.000000 12.503642 7.907736 0.056826 1 1 0 0 29590
6 8 62548 55089.000000 80.000000 2098.000000 13.227508 6.584127 0.058606 1 1 0 0 31300
6 8 46369 35976.000000 106.000000 3270.000000 12.205593 10.317224 0.059456 1 1 0 0 30594
6 8 659570 655686.000000 38.000000 1728.000000 9.286333 5.488680 0.036695 1 1 0 0 22036
6 8 50306 42982.000000 74.000000 2328.000000 12.984819 7.334892 0.060897 1 1 0 0 30512
6 8 35777 28605.000000 73.000000 2339.000000 13.028577 7.385812 0.046281 1 1 0 0 25558
6 8 86499 78943.000000 82.000000 2724.000000 12.664813 8.610633 0.051759 1 1 0 0 30474
6 8 39009 33396.000000 48.000000 1556.000000 13.274517 4.911214 0.049880 1 1 0 0 27542
6 8 21895 16496.000000 43.000000 2121.000000 13.263620 6.654102 0.045503 1 1 0 0 22340
6 8 27549 23705.000000 40.000000 2038.000000 12.704516 6.422008 0.039374 1 1 0 0 20642
6 8 27006 21572.000000 53.000000 2547.000000 12.809361 8.036396 0.049202 1 1 0 0 23556
7 3 41971 31722.000000 101.000000 3363.000000 9.781215 10.529562 0.061166 1 1 0 0 25296
7 3 52312 39269.000000 142.000000 4642.000000 9.898163 14.503191 0.065262 1 1 0 0 27744
7 3 27433 19789.000000 92.000000 5908.000000 9.957266 18.526227 0.061120 1 1 0 0 26478
7 3 534188 434404.000000 1276.000000 5404.000000 9.802040 17.176433 0.205613 1 1 0 0 24670
7 3 61019 50402.000000 121.000000 5079.000000 9.926142 15.834821 0.055415 1 1 0 0 23146
7 3 55017 42222.000000 139.000000 5309.000000 9.922650 16.537375 0.061711 1 1 0 0 23792
7 3 20174 14516.000000 63.000000 4479.000000 10.341383 14.245429 0.056474 1 1 0 0 22320
7 3 39143 27777.000000 116.000000 4344.000000 9.809817 13.614444 0.070958 1 1 0 0 29080
7 3 57685 42514.000000 195.000000 6447.000000 10.041606 20.212725 0.077140 1 1 0 0 29492
7 3 86508 72529.000000 178.000000 4472.000000 9.920844 14.169635 0.062859 1 1 0 0 23344
7 4 29471 21971.000000 82.000000 4760.000000 12.933189 14.903535 0.060350 1 1 0 0 27194
7 4 14137 8623.000000 57.000000 4857.000000 13.018906 15.237910 0.054834 1 1 0 0 22248
7 4 35037 23877.000000 124.000000 5112.000000 13.043799 16.003491 0.070176 1 1 0 0 29408
7 4 23415 17981.000000 54.000000 3512.000000 13.004384 10.965141 0.057107 1 1 0 0 21826
7 4 37688 26851.000000 97.000000 4187.000000 12.912437 13.138438 0.067481 1 1 0 0 27680
7 4 60882 53894.000000 80.000000 3562.000000 12.874564 11.168049 0.062579 1 1 0 0 20976
7 4 35229 24153.000000 104.000000 4538.000000 12.967523 14.223423 0.067460 1 1 0 0 28356
7 4 57117 49153.000000 109.000000 4225.000000 12.937681 13.219272 0.054743 1 1 0 0 19068
7 4 91258 80825.000000 105.000000 3941.000000 12.828273 12.326123 0.060612 1 1 0 0 27468
7 4 20419 14093.000000 65.000000 4527.000000 13.010316 14.140498 0.052552 1 1 0 0 22656
7 5 28272 18191.000000 95.000000 4925.000000 14.527229 15.514759 0.057149 1 1 0 0 25184
7 5 18826 12475.000000 68.000000 5420.000000 14.098519 17.140447 0.049539 1 1 0 0 20340
7 5 37594 27634.000000 89.000000 2991.000000 15.148188 9.402055 0.071092 1 1 0 0 28888
7 5 40197 33513.000000 65.000000 4241.000000 14.663984 13.260527 0.054073 1 1 0 0 25406
7 5 35124 28625.000000 68.000000 3356.000000 14.926487 10.506814 0.056772 1 1 0 0 20876
7 5 35345 27789.000000 93.000000 3783.000000 14.761386 11.901052 0.059238 1 1 0 0 22408
7 5 28126 16512.000000 116.000000 4330.000000 14.763619 13.725251 0.071986 1 1 0 0 27486
7 5 137023 109973.000000 371.000000 3893.000000 14.723872 12.366099 0.085084 1 1 0 0 27730
7 5 91959 77236.000000 184.000000 3302.000000 14.726747 10.417314 0.068410 1 1 0 0 27374
7 5 134752 115008.000000 237.000000 3257.000000 14.965245 10.319005 0.068474 1 1 0 0 20414
7 6 35997 25276.000000 106.000000 3990.000000 15.315223 12.567230 0.067936 1 1 0 0 32222
7 6 1924819 1918330.000000 82.000000 86.000000 1.324147 0.495186 0.025952 1 0 0 0 14988
7 6 22885 15699.000000 72.000000 3926.000000 15.997481 12.358785 0.056234 1 1 0 0 25142
7 6 24970 18102.000000 65.000000 3555.000000 16.120464 11.146939 0.061808 1 1 0 0 23304
7 6 21794 14479.000000 78.000000 3472.000000 15.938750 10.927882 0.059375 1 1 0 0 25812
7 6 34423 24486.000000 94.000000 4114.000000 15.437583 13.020629 0.063710 1 1 0 0 26026
7 6 32478 25587.000000 69.000000 2767.000000 15.904708 8.701839 0.059801 1 1 0 0 27894
7 6 39718 32266.000000 90.000000 4062.000000 15.674379 12.787435 0.061300 1 1 0 0 23778
7 6 61269 53978.000000 84.000000 2820.000000 16.543276 8.903382 0.066563 1 1 0 0 25420
7 6 22650 15110.000000 82.000000 3788.000000 15.302816 11.885566 0.061366 1 1 0 0 27990
7 7 29761 23570.000000 60.000000 3208.000000 16.831586 10.204960 0.061688 1 1 0 0 25390
7 7 18453 14696.000000 37.000000 3943.000000 16.447358 12.413408 0.044230 1 1 0 0 20404
7 7 21917 16379.000000 56.000000 3200.000000 16.188597 10.102335 0.060049 1 1 0 0 20710
7 7 49351 42371.000000 68.000000 2882.000000 16.798056 9.084633 0.067571 1 1 0 0 28676
7 7 11059 8128.000000 28.000000 4248.000000 15.875490 13.350648 0.039603 1 1 0 0 18160
7 7 38321 31238.000000 70.000000 2458.000000 16.733260 7.800210 0.066577 1 1 0 0 26550
7 7 35011 27695.000000 76.000000 5252.000000 16.505770 16.441712 0.061019 1 1 0 0 26934
7 7 76722 69791.000000 76.000000 2008.000000 16.891420 6.387230 0.065082 1 1 0 0 23612
7 7 33034 21876.000000 103.000000 3953.000000 16.541577 12.434882 0.066652 1 1 0 0 31742
7 7 34851 20760.000000 157.000000 4683.000000 16.254334 14.645444 0.074326 1 1 0 0 24152
7 8 0 0 0 0 0 0 0 0 0 0 0 0 0
7 8 0 0 0 0 0 0 0 0 0 0 0 0 0
7 8 0 0 0 0 0 0 0 0 0 0 0 0 0
7 8 0 0 0 0 0 0 0 0 0 0 0 0 0
7 8 0 0 0 0 0 0 0 0 0 0 0 0 0
7 8 0 0 0 0 0 0 0 0 0 0 0 0 0
7 8 0 0 0 0 0 0 0 0 0 0 0 0 0
7 8 0 0 0 0 0 0 0 0 0 0 0 0 0
7 8 0 0 0 0 0 0 0 0 0 0 0 0 0
7 8 0 0 0 0 0 0 0 0 0 0 0 0 0
8 3 28843 21231.000000 98.000000 6014.000000 14.820087 18.847064 0.059812 1 1 0 0 23338
8 3 1999842 1999006.000000 2.000000 2.000000 7.819015 0.103694 0.005626 1 0 0 0 16396
8 3 41902 26891.000000 190.000000 7116.000000 15.063926 22.370645 0.099336 1 1 0 0 26222
8 3 28962 16652.000000 129.000000 6865.000000 14.959017 21.541277 0.069981 1 1 0 0 27806
8 3 37113 26251.000000 104.000000 5422.000000 14.974116 16.984464 0.068664 1 1 0 0 25680
8 3 26941 15239.000000 122.000000 7688.000000 14.985715 24.167346 0.070694 1 1 0 0 27746
8 3 19452 15711.000000 40.000000 4092.000000 14.883804 12.809491 0.052796 1 1 0 0 18618
8 3 1912472 1900995.000000 129.000000 129.000000 2.411891 0.658889 0.025212 1 0 0 0 14994
8 3 37335 30131.000000 81.000000 6053.000000 14.915043 18.967928 0.066290 1 1 0 0 20964
8 3 22156 12035.000000 94.000000 7704.000000 15.082764 24.014217 0.061886 1 1 0 0 25198
8 4 10576 4993.000000 53.000000 5719.000000 17.710458 17.942220 0.060345 1 1 0 0 20928
8 4 350128 337589.000000 130.000000 4494.000000 16.199261 14.101374 0.066026 1 1 0 0 27280
8 4 1618305 1617008.000000 6.000000 2062.000000 9.622388 6.602182 0.026357 1 1 0 0 16402
8 4 25079 15406.000000 82.000000 5542.000000 17.473080 17.403038 0.067752 1 1 0 0 26048
8 4 31331 20234.000000 125.000000 9083.000000 17.361017 28.608940 0.072755 1 1 0 0 24648
8 4 23700 13683.000000 96.000000 6304.000000 17.850394 19.792325 0.067422 1 1 0 0 26206
8 4 37817 27186.000000 108.000000 5364.000000 17.739303 16.875552 0.077800 1 1 0 0 32214
8 4 65801 51222.000000 177.000000 5255.000000 17.954338 16.525364 0.084834 1 1 0 0 29852
8 4 1583003 1579300.000000 38.000000 1774.000000 9.409269 5.695913 0.037022 1 1 0 0 19218
8 4 33313 23184.000000 94.000000 4788.000000 17.984934 15.025732 0.079535 1 1 0 0 27688
8 5 73711 66635.000000 74.000000 6156.000000 18.068365 19.366965 0.063707 1 1 0 0 20418
8 5 0 0 0 0 0 0 0 0 0 0 0 0 0
8 5 22934 16082.000000 68.000000 5502.000000 19.153356 17.254270 0.060298 1 1 0 0 21808
8 5 22257 12256.000000 90.000000 5394.000000 18.945963 16.900301 0.069876 1 1 0 0 27474
8 5 27641 13894.000000 160.000000 7370.000000 18.805665 23.188873 0.081705 1 1 0 0 24882
8 5 50773 38919.000000 124.000000 5610.000000 19.220984 17.560471 0.071264 1 1 0 0 30154
8 5 34493 22647.000000 123.000000 7693.000000 18.323976 24.158068 0.079879 1 1 0 0 31088
8 5 130875 101969.000000 365.000000 4789.000000 19.873886 14.998930 0.123523 1 1 0 0 20798
8 5 32309 20744.000000 119.000000 6101.000000 18.979044 19.127859 0.072911 1 1 0 0 29402
8 5 20865 15343.000000 54.000000 3312.000000 20.831803 10.372214 0.071938 1 1 0 0 21846
8 6 1823267 1813475.000000 87.000000 121.000000 1.954153 0.652852 0.030404 1 0 0 0 14994
8 6 37522 25068.000000 141.000000 7061.000000 19.935463 22.161890 0.078927 1 1 0 0 28864
8 6 32264 19005.000000 129.000000 7421.000000 19.511725 23.678997 0.089101 1 1 0 0 32246
8 6 333608 300553.000000 402.000000 8902.000000 16.924220 28.107074 0.181504 1 0 0 0 20406
8 6 22808 15124.000000 90.000000 8654.000000 19.213446 27.694194 0.060847 1 1 0 0 22000
8 6 22620 12835.000000 86.000000 6160.000000 19.877178 19.584813 0.065243 1 1 0 0 25114
8 6 31017 24005.000000 68.000000 3912.000000 20.947608 12.269462 0.068103 1 1 0 0 23222
8 6 34214 23144.000000 109.000000 5635.000000 20.775898 17.761449 0.071403 1 1 0 0 27514
8 6 73137 62304.000000 109.000000 8883.000000 18.778723 27.947127 0.079034 1 1 0 0 26988
8 6 41213 28711.000000 140.000000 4842.000000 19.887133 15.238698 0.071051 1 1 0 0 28428
8 7 0 0 0 0 0 0 0 0 0 0 0 0 0
8 7 0 0 0 0 0 0 0 0 0 0 0 0 0
8 7 0 0 0 0 0 0 0 0 0 0 0 0 0
8 7 0 0 0 0 0 0 0 0 0 0 0 0 0
8 7 0 0 0 0 0 0 0 0 0 0 0 0 0
8 7 0 0 0 0 0 0 0 0 0 0 0 0 0
8 7 0 0 0 0 0 0 0 0 0 0 0 0 0
8 7 0 0 0 0 0 0 0 0 0 0 0 0 0
8 7 0 0 0 0 0 0 0 0 0 0 0 0 0
8 7 0 0 0 0 0 0 0 0 0 0 0 0 0
8 8 0 0 0 0 0 0 0 0 0 0 0 0 0
8 8 0 0 0 0 0 0 0 0 0 0 0 0 0
8 8 0 0 0 0 0 0 0 0 0 0 0 0 0
8 8 0 0 0 0 0 0 0 0 0 0 0 0 0
8 8 0 0 0 0 0 0 0 0 0 0 0 0 0
8 8 0 0 0 0 0 0 0 0 0 0 0 0 0
8 8 0 0 0 0 0 0 0 0 0 0 0 0 0
8 8 0 0 0 0 0 0 0 0 0 0 0 0 0
8 8 0 0 0 0 0 0 0 0 0 0 0 0 0
8 8 0 0 0 0 0 0 0 0 0 0 0 0 0
9 3 44963 30345.000000 191.000000 8865.000000 20.602898 27.873259 0.086212 1 1 0 0 25156
9 3 31703 17532.000000 179.000000 7349.000000 20.936926 23.045770 0.088846 1 1 0 0 26596
9 3 12204 6494.000000 52.000000 8254.000000 20.964501 25.786208 0.048652 1 1 0 0 19220
9 3 96300 76196.000000 239.000000 7643.000000 20.766745 24.042982 0.098009 1 1 0 0 22100
9 3 137311 113386.000000 280.000000 6424.000000 19.226289 20.171200 0.101469 1 1 0 0 27992
9 3 21752 11608.000000 103.000000 7693.000000 20.664465 24.039216 0.067969 1 1 0 0 23840
9 3 40965 27363.000000 160.000000 7772.000000 20.816831 24.654460 0.078585 1 1 0 0 20742
9 3 31133 20805.000000 110.000000 7664.000000 19.631029 23.923970 0.069461 1 1 0 0 22274
9 3 33271 23006.000000 100.000000 5282.000000 20.779536 16.638201 0.075668 1 1 0 0 23762
9 3 24347 14122.000000 100.000000 8792.000000 20.970709 27.599871 0.079102 1 1 0 0 27120
9 4 22631 12182.000000 108.000000 10736.000000 22.535517 33.847505 0.077217 1 1 0 0 23128
9 4 25898 15729.000000 96.000000 6736.000000 23.968511 21.298358 0.078232 1 1 0 0 24852
9 4 44974 30211.000000 168.000000 6530.000000 23.445740 20.862829 0.098548 1 1 0 0 35922
9 4 48680 29473.000000 176.000000 10036.000000 22.744996 31.818631 0.110492 1 1 0 0 36412
9 4 15057 7885.000000 77.000000 6471.000000 24.469328 20.255453 0.073616 1 1 0 0 24832
9 4 53447 32671.000000 235.000000 10371.000000 22.586001 32.942112 0.109962 1 1 0 0 33612
9 4 22347 8800.000000 138.000000 9050.000000 24.011423 28.567418 0.085784 1 1 0 0 28548
9 4 28467 15120.000000 138.000000 11364.000000 22.346447 36.032715 0.090959 1 1 0 0 27900
9 4 14820 7672.000000 71.000000 9971.000000 22.704994 31.418896 0.064847 1 1 0 0 22352
9 4 21121 9331.000000 122.000000 9348.000000 23.316077 29.792187 0.083762 1 1 0 0 29292
9 5 28082 20486.000000 88.000000 10716.000000 25.204474 34.065118 0.076043 1 1 0 0 24916
9 5 12575 5259.000000 75.000000 16367.000000 23.157237 52.045132 0.071480 1 1 0 0 22384
9 5 36989 23538.000000 130.000000 9640.000000 24.230924 30.852967 0.096655 1 1 0 0 30874
9 5 11245 7288.000000 45.000000 6249.000000 25.697392 19.683193 0.060836 1 1 0 0 19278
9 5 51274 37216.000000 158.000000 8526.000000 24.578884 27.318050 0.088340 1 1 0 0 30500
9 5 61974 42175.000000 212.000000 6912.000000 24.961295 21.914618 0.088465 1 1 0 0 29980
9 5 21431 15384.000000 57.000000 7645.000000 24.763717 24.099140 0.067393 1 1 0 0 23992
9 5 35564 23670.000000 126.000000 8120.000000 24.216250 25.709201 0.087625 1 1 0 0 28750
9 5 0 0 0 0 0 0 0 0 0 0 0 0 0
9 5 26248 13469.000000 132.000000 16112.000000 23.225251 51.221210 0.090122 1 1 0 0 22282
9 6 0 0 0 0 0 0 0 0 0 0 0 0 0
9 6 0 0 0 0 0 0 0 0 0 0 0 0 0
9 6 0 0 0 0 0 0 0 0 0 0 0 0 0
9 6 0 0 0 0 0 0 0 0 0 0 0 0 0
9 6 0 0 0 0 0 0 0 0 0 0 0 0 0
9 6 0 0 0 0 0 0 0 0 0 0 0 0 0
9 6 0 0 0 0 0 0 0 0 0 0 0 0 0
9 6 0 0 0 0 0 0 0 0 0 0 0 0 0
9 6 0 0 0 0 0 0 0 0 0 0 0 0 0
9 6 0 0 0 0 0 0 0 0 0 0 0 0 0
9 7 0 0 0 0 0 0 0 0 0 0 0 0 0
9 7 0 0 0 0 0 0 0 0 0 0 0 0 0
9 7 0 0 0 0 0 0 0 0 0 0 0 0 0
9 7 0 0 0 0 0 0 0 0 0 0 0 0 0
9 7 0 0 0 0 0 0 0 0 0 0 0 0 0
9 7 0 0 0 0 0 0 0 0 0 0 0 0 0
9 7 0 0 0 0 0 0 0 0 0 0 0 0 0
9 7 0 0 0 0 0 0 0 0 0 0 0 0 0
9 7 0 0 0 0 0 0 0 0 0 0 0 0 0
9 7 0 0 0 0 0 0 0 0 0 0 0 0 0
9 8 0 0 0 0 0 0 0 0 0 0 0 0 0
9 8 0 0 0 0 0 0 0 0 0 0 0 0 0
9 8 0 0 0 0 0 0 0 0 0 0 0 0 0
9 8 0 0 0 0 0 0 0 0 0 0 0 0 0
9 8 0 0 0 0 0 0 0 0 0 0 0 0 0
9 8 0 0 0 0 0 0 0 0 0 0 0 0 0
9 8 0 0 0 0 0 0 0 0 0 0 0 0 0
9 8 0 0 0 0 0 0 0 0 0 0 0 0 0
9 8 0 0 0 0 0 0 0 0 0 0 0 0 0
9 8 0 0 0 0 0 0 0 0 0 0 0 0 0
