Str Size|Edit Diff|Comm (bits)|Time Set(s)|Time Str(s)|Str Recon True
100000 0.000100 3739 0.009842 3.979357 1
100000 0.000500 3949 0.010014 4.604732 1
100000 0.001000 13679 0.022730 5.158758 1
100000 0.005000 15632 0.025683 5.451649 1
100000 0.010000 27871 0.034420 5.673233 1
100000 0.050000 52736 0.057528 6.235383 1
400000 0.000100 12787 0.032547 13.458718 1
400000 0.000500 18077 0.049957 12.772709 1
400000 0.001000 24892 0.036107 13.766902 1
400000 0.005000 29277 0.059070 15.357520 1
400000 0.010000 39839 0.056841 13.897970 1
400000 0.050000 311791 0.575796 14.531678 1
800000 0.000100 9560 0.038972 21.533757 1
800000 0.000500 8884 0.043975 20.794111 1
800000 0.001000 39361 0.067862 19.705647 1
800000 0.005000 41904 0.079204 20.753381 1
800000 0.010000 43665 0.070307 21.320653 1
800000 0.050000 586565 1.703340 22.643198 1
