Level|Partition|Comm (bytes)|hash vec comm|Terminal comm|Actual Sym Diff|Time Tree(s)|Time Recon(s)|Time Backtrack (included in Time Recon) (s)|Str Recon True|Tree Heap SIze|High Water Heap|Rsync time|Rsync Comm
2 3 1013288 48.000000 999004.000000 12 0.307858 0.179668 0.005722 1 0 0 0.001000 17172
2 8 574671 72.000000 559956.000000 32 0.387382 0.179289 0.006413 1 0 0 0.001000 22584
2 15 562861 120.000000 547611.000000 54 0.431255 0.174529 0.006171 1 0 0 0.001000 19104
2 20 205135 64.000000 188849.000000 78 0.487081 0.187502 0.008400 1 0 0 0.001000 15182
3 3 959810 224.000000 943549.000000 60 0.643556 0.188204 0.010370 1 0 0 0.001000 17986
3 8 81701 72.000000 35326.000000 28 0.382300 0.535773 0.009675 1 0 0 0.001000 11646
3 15 133437 176.000000 106510.000000 282 1.272335 0.260310 0.009493 1 0 0 0.001000 16834
3 20 119086 320.000000 77833.000000 742 1.250485 0.326927 0.017306 1 0 0 0.001000 17408
4 3 1074327 1216.000000 980108.000000 308 1.133300 0.885272 0.019067 1 0 0 0.001000 14196
4 8 207098 248.000000 16354.000000 1950 2.240264 1.881205 0.016742 1 0 0 0.001000 17134
4 15 61886 96.000000 32579.000000 442 3.054750 0.248449 0.016804 1 0 0 0.001000 16102
4 20 50555 80.000000 17612.000000 422 3.062411 0.308769 0.015401 1 0 0 0.001000 14190
5 3 490622 1256.000000 280624.000000 362 1.577126 2.546725 0.024093 1 0 0 0.001000 15602
5 8 77397 144.000000 17972.000000 154 2.845781 0.843390 0.020183 1 0 0 0.001000 15034
5 15 128665 192.000000 40142.000000 491 4.518525 0.969838 0.018698 1 0 0 0.001000 18150
5 20 0 0 0 0 0 0 0 0 0 0 0 0
