Str Size|Edit Diff|Comm (bits)|Time Set(s)|Time Str(s)|Str Recon True
100000 0.000100 116038 0.015059 2.786078 1
100000 0.000100 94286 0.004474 2.045071 1
100000 0.000100 53808 0.003491 0.244323 1
100000 0.000100 142788 0.004322 1.899292 1
100000 0.000100 118092 0.004050 2.134944 1
100000 0.000500 160373 0.004461 1.865607 1
100000 0.000500 132620 0.005289 1.851503 1
100000 0.000500 119429 0.003785 1.857930 1
100000 0.000500 100424 0.004087 1.910303 1
100000 0.000500 114468 0.004262 2.002277 1
100000 0.001000 81374 0.004838 0.200086 1
100000 0.001000 118703 0.005278 2.319852 1
100000 0.001000 128674 0.005806 2.966373 1
100000 0.001000 157454 0.005785 2.785064 1
100000 0.001000 23048 0.004133 0.267570 1
100000 0.005000 120113 0.004828 3.124054 1
100000 0.005000 100897 0.004985 0.096413 1
100000 0.005000 90404 0.013139 3.060923 1
100000 0.005000 129664 0.003845 3.092988 1
100000 0.005000 103879 0.004882 3.084388 1
100000 0.010000 151959 0.005868 3.123387 1
100000 0.010000 158526 0.006285 3.046324 1
100000 0.010000 152081 0.005803 3.128780 1
100000 0.010000 113329 0.004469 3.073183 1
100000 0.010000 138562 0.005509 2.994908 1
100000 0.050000 168276 0.005926 3.112500 1
100000 0.050000 166278 0.005350 2.932347 1
100000 0.050000 165294 0.006354 3.086120 1
100000 0.050000 159793 0.005425 3.068524 1
100000 0.050000 140960 0.005549 3.034911 1
400000 0.000100 225267 0.010179 3.269951 1
400000 0.000100 216259 0.007521 3.369407 1
400000 0.000100 176541 0.007950 3.417965 1
400000 0.000100 292759 0.009382 3.324633 1
400000 0.000100 159168 0.007710 3.326521 1
400000 0.000500 205196 0.008865 3.251711 1
400000 0.000500 274061 0.007636 2.117361 1
400000 0.000500 214425 0.006800 2.074269 1
400000 0.000500 258353 0.007622 2.120042 1
400000 0.000500 355039 0.009408 2.053121 1
400000 0.001000 286813 0.008074 2.072906 1
400000 0.001000 305944 0.007740 2.083310 1
400000 0.001000 222409 0.007454 2.039066 1
400000 0.001000 220832 0.007200 2.053186 1
400000 0.001000 306358 0.008065 2.056126 1
400000 0.005000 335971 0.008779 2.090749 1
400000 0.005000 298729 0.008865 2.088289 1
400000 0.005000 138290 0.005958 2.036405 1
400000 0.005000 259058 0.007943 2.047135 1
400000 0.005000 237503 0.006977 2.055210 1
400000 0.010000 331823 0.008969 2.058975 1
400000 0.010000 399031 0.008944 2.083717 1
400000 0.010000 318731 0.012155 2.064940 1
400000 0.010000 204034 0.006759 2.069825 1
400000 0.010000 263177 0.007713 2.059290 1
400000 0.050000 369242 0.009145 2.068943 1
400000 0.050000 264420 0.007166 2.095699 1
400000 0.050000 388463 0.009898 2.078016 1
400000 0.050000 367949 0.009447 2.073969 1
400000 0.050000 295251 0.008347 2.051142 1
800000 0.000100 239784 0.010187 2.344466 1
800000 0.000100 358263 0.011422 2.392673 1
800000 0.000100 362078 0.011416 2.378718 1
800000 0.000100 235900 0.009719 2.311205 1
800000 0.000100 528442 0.023070 2.331640 1
800000 0.000500 508587 0.014376 2.323390 1
800000 0.000500 511092 0.014565 2.335947 1
800000 0.000500 494794 0.012967 2.328571 1
800000 0.000500 391937 0.012247 2.350142 1
800000 0.000500 385545 0.012909 2.341569 1
800000 0.001000 525539 0.014489 2.315094 1
800000 0.001000 588796 0.016028 2.352915 1
800000 0.001000 715396 0.016822 2.330560 1
800000 0.001000 420158 0.012975 2.306574 1
800000 0.001000 422590 0.013200 2.366758 1
800000 0.005000 359099 0.011720 2.318460 1
800000 0.005000 580894 0.015944 2.323718 1
800000 0.005000 338477 0.012243 2.348471 1
800000 0.005000 471044 0.014429 2.316104 1
800000 0.005000 494355 0.014534 2.332147 1
800000 0.010000 525504 0.014753 2.309290 1
800000 0.010000 401725 0.013461 2.324234 1
800000 0.010000 510704 0.018245 2.323273 1
800000 0.010000 419637 0.012877 2.382493 1
800000 0.010000 579299 0.015009 2.344273 1
800000 0.050000 740557 0.017733 2.386355 1
800000 0.050000 532699 0.014471 2.342522 1
800000 0.050000 622571 0.015705 2.394309 1
800000 0.050000 783322 0.017877 2.351722 1
800000 0.050000 569725 0.015219 2.337976 1
1200000 0.000100 259385 0.014267 2.664856 1
1200000 0.000100 687739 0.018493 2.694268 1
1200000 0.000100 282381 0.014251 2.580826 1
1200000 0.000100 440278 0.015851 2.630608 1
1200000 0.000100 489233 0.015908 2.573491 1
1200000 0.000500 427954 0.016685 2.588998 1
1200000 0.000500 555795 0.018684 2.621207 1
1200000 0.000500 505706 0.017243 2.863026 1
1200000 0.000500 392445 0.015747 2.654628 1
1200000 0.000500 785629 0.020783 2.634080 1
1200000 0.001000 567740 0.019117 2.783334 1
1200000 0.001000 508976 0.019148 3.300779 1
1200000 0.001000 444583 0.020602 3.112146 1
1200000 0.001000 792295 0.023260 2.991275 1
1200000 0.001000 902121 0.024338 2.776258 1
1200000 0.005000 681905 0.022356 2.714720 1
1200000 0.005000 602477 0.020046 2.636244 1
1200000 0.005000 675190 0.020724 2.575788 1
1200000 0.005000 639905 0.020303 2.636504 1
1200000 0.005000 671296 0.019616 2.589167 1
1200000 0.010000 402644 0.018484 2.593420 1
1200000 0.010000 385537 0.016468 2.568893 1
1200000 0.010000 581204 0.027146 3.064781 1
1200000 0.010000 659288 0.020211 2.795080 1
1200000 0.010000 734033 0.022763 2.732188 1
1200000 0.050000 735896 0.021601 2.641942 1
1200000 0.050000 817756 0.025446 2.706505 1
1200000 0.050000 884107 0.024535 2.629157 1
1200000 0.050000 1187365 0.026086 2.673958 1
1200000 0.050000 912092 0.023658 2.623650 1
1600000 0.000100 387596 0.020702 3.191701 1
1600000 0.000100 612467 0.022680 3.032971 1
1600000 0.000100 671903 0.023260 3.059607 1
1600000 0.000100 640636 0.022751 2.955995 1
1600000 0.000100 303838 0.018744 2.893454 1
1600000 0.000500 598662 0.023429 3.044005 1
1600000 0.000500 625333 0.025644 2.918308 1
1600000 0.000500 324799 0.019135 2.899333 1
1600000 0.000500 385112 0.020269 2.855968 1
1600000 0.000500 892235 0.026985 2.905282 1
1600000 0.001000 791634 0.030595 3.078493 1
1600000 0.001000 1194691 0.033581 2.913154 1
1600000 0.001000 528836 0.025635 2.939313 1
1600000 0.001000 563744 0.023808 2.840658 1
1600000 0.001000 909311 0.030152 2.843725 1
1600000 0.005000 575163 0.022270 2.833002 1
1600000 0.005000 1028439 0.028602 2.846983 1
1600000 0.005000 1034225 0.030962 2.897955 1
1600000 0.005000 885505 0.027714 2.871639 1
1600000 0.005000 816357 0.030669 3.105564 1
1600000 0.010000 640017 0.024380 2.869107 1
1600000 0.010000 927456 0.028828 2.945136 1
1600000 0.010000 905824 0.027112 2.891555 1
1600000 0.010000 782608 0.029520 2.949640 1
1600000 0.010000 252758 0.021557 2.930462 1
1600000 0.050000 1006858 0.028688 2.989875 1
1600000 0.050000 489468 0.021594 2.996162 1
1600000 0.050000 1494826 0.034972 2.916107 1
1600000 0.050000 980777 0.026183 2.864552 1
1600000 0.050000 1246205 0.039318 3.151711 1
2000000 0.000100 717047 0.027390 3.265312 1
2000000 0.000100 517174 0.025860 3.348497 1
2000000 0.000100 1162997 0.032622 3.133849 1
2000000 0.000100 546315 0.030562 3.137670 1
2000000 0.000100 546100 0.025013 3.296003 1
2000000 0.000500 975006 0.030463 3.277636 1
2000000 0.000500 889487 0.028940 3.235711 1
2000000 0.000500 920544 0.028539 3.235819 1
2000000 0.000500 888483 0.030202 3.188189 1
2000000 0.000500 1217828 0.032194 3.136480 1
2000000 0.001000 1170924 0.033038 3.201447 1
2000000 0.001000 688077 0.026198 3.135051 1
2000000 0.001000 1201523 0.036257 3.160690 1
2000000 0.001000 398065 0.024076 3.100365 1
2000000 0.001000 1213757 0.036044 3.148145 1
2000000 0.005000 1508443 0.045727 4.121110 1
2000000 0.005000 861864 0.029324 3.125093 1
2000000 0.005000 642736 0.026870 3.162561 1
2000000 0.005000 1555967 0.040514 3.186230 1
2000000 0.005000 756899 0.027483 3.129220 1
2000000 0.010000 1293039 0.033716 3.108901 1
2000000 0.010000 1080972 0.033723 3.112065 1
2000000 0.010000 830981 0.027478 3.112556 1
2000000 0.010000 925018 0.029119 3.128354 1
2000000 0.010000 1173454 0.032040 3.135482 1
2000000 0.050000 1364577 0.033811 3.161102 1
2000000 0.050000 1409862 0.038292 3.150558 1
2000000 0.050000 1158056 0.034047 3.150134 1
2000000 0.050000 851149 0.031957 3.119137 1
2000000 0.050000 1302847 0.036538 3.130476 1
