Level|Partition|Comm (bytes)|Actual Sym Diff|Time Tree(s)|Time Recon(s)|Time Backtrack (included in Time Recon) (s)|Str Recon True
100000 0.000010 83974 6 0.100572 0.042407 0.003005 1
100000 0.000100 117125 12 0.093812 0.041570 0.001045 1
100000 0.001000 120103 16 0.086436 0.045482 0.001535 1
100000 0.010000 136939 16 0.089511 0.043231 0.000875 1
100000 0.100000 141262 12 0.087598 0.038665 0.000904 1
100000 1.000000 163400 21 0.085855 0.046216 0.000848 1
400000 0.000010 179311 6 0.316269 0.042297 0.003477 1
400000 0.000100 92882 6 0.347381 0.047414 0.003965 1
400000 0.001000 339894 18 0.319477 0.051230 0.003985 1
400000 0.010000 303993 16 0.340750 0.058468 0.003164 1
400000 0.100000 293995 19 0.329946 0.047375 0.003479 1
400000 1.000000 433878 26 0.300093 0.045583 0.003006 1
800000 0.000010 355355 18 0.517058 0.044750 0.005465 1
800000 0.000100 290083 12 0.525241 0.045964 0.005348 1
800000 0.001000 392442 22 0.515275 0.035514 0.005683 1
800000 0.010000 485687 22 0.521087 0.038220 0.005309 1
800000 0.100000 720315 30 0.521377 0.048361 0.005294 1
