Sting Size|Edit Dist %|Comm (bytes)|Actual Sym Diff|Time Tree(s)|Time Recon(s)|Time Backtrack (included in Time Recon) (s)|Str Recon True|Tree Heap SIze|High Water Heap
100000 0.000010 85882 294 0.461142 0.082913 0.002481 1 140734574338152 0
100000 0.000100 106347 190 0.394366 0.117716 0.003792 1 140734574338152 0
100000 0.001000 116347 189 0.420957 0.084554 0.003103 1 140734574338152 0
100000 0.010000 164242 329 0.431910 0.111398 0.004520 1 140734574338152 0
100000 0.100000 112945 202 0.433966 0.089530 0.004921 1 140734574338152 2334102031925867552
100000 1.000000 221222 416 0.479296 0.140129 0.005112 1 140734574338152 2334102031925867552
400000 0.000010 102369 366 1.776136 0.111439 0.006525 1 140734574338152 2334102031925867552
400000 0.000100 177150 454 1.941083 0.154702 0.008735 1 140734574338152 2334102031925867552
400000 0.001000 171801 574 1.856270 0.218755 0.011462 1 140734574338152 2334102031925867552
