Sting Size|Edit Dist %|Total Comm (bytes)|Literal comm|Partition Sym Diff|Total Num Partitions|Time Tree(s)|Time Recon(s)|Time Backtrack (included in Time Recon) (s)|Set Recon Success|Str Recon Success|Tree Heap SIze|High Water Heap|Rsync Comm
100000 0.000010 11309 289.000000 18.000000 1084.000000 0.395068 0.378345 0.001398 1 1 257384 8028264660943856995 0
100000 0.000010 11189 729.000000 18.000000 512.000000 0.354704 0.233219 0.001663 1 1 169800 3544953246906398772 0
100000 0.000010 10609 201.000000 16.000000 814.000000 0.411818 0.305825 0.001295 1 1 212632 3544953246906398772 0
100000 0.000010 10106 266.000000 16.000000 878.000000 0.408515 0.324883 0.001477 1 1 220760 3544953246906398772 0
100000 0.000010 10014 218.000000 14.000000 892.000000 0.402826 0.320535 0.000936 1 1 222824 3544953246906398772 0
100000 0.000010 10945 433.000000 20.000000 1044.000000 0.407204 0.369540 0.001454 1 1 250152 3544953246906398772 0
100000 0.000010 9497 133.000000 12.000000 878.000000 0.400622 0.322127 0.001328 1 1 220760 3544953246906398772 0
100000 0.000010 11376 964.000000 16.000000 924.000000 0.428458 0.331381 0.001323 1 1 226536 3544953246906398772 0
100000 0.000010 11766 1358.000000 16.000000 584.000000 0.368335 0.240328 0.001383 1 1 183240 3544953246906398772 0
100000 0.000010 9689 229.000000 16.000000 1028.000000 0.395043 0.338724 0.001397 1 1 248104 3544953246906398772 0
100000 0.000010 10495 1131.000000 12.000000 512.000000 0.358129 0.227205 0.001145 1 1 169800 3544953246906398772 0
100000 0.000010 11181 769.000000 16.000000 810.000000 0.391847 0.308800 0.001636 1 1 212088 3544953246906398772 0
100000 0.000010 11068 620.000000 18.000000 598.000000 0.368089 0.249780 0.001383 1 1 184984 3544953246906398772 0
100000 0.000010 10331 491.000000 16.000000 892.000000 0.394896 0.341070 0.002452 1 1 222824 3544953246906398772 0
100000 0.000010 10554 98.000000 18.000000 1034.000000 0.514386 0.366485 0.001459 1 1 248824 3544953246906398772 0
100000 0.000010 9852 392.000000 16.000000 892.000000 0.419385 0.312384 0.001544 1 1 222824 3544953246906398772 0
100000 0.000010 10890 486.000000 16.000000 924.000000 0.390558 0.334297 0.001813 1 1 226536 3544953246906398772 0
100000 0.000010 10689 245.000000 18.000000 892.000000 0.416328 0.364346 0.001430 1 1 222824 3544953246906398772 0
100000 0.000010 10674 310.000000 14.000000 876.000000 0.403262 0.326257 0.001905 1 1 220648 3544953246906398772 0
100000 0.000010 9273 289.000000 12.000000 598.000000 0.387866 0.245763 0.001670 1 1 184984 3544953246906398772 0
100000 0.000010 11463 951.000000 20.000000 890.000000 0.415534 0.330740 0.001604 1 1 222520 3544953246906398772 0
100000 0.000010 10581 561.000000 16.000000 1034.000000 0.418820 0.353249 0.001647 1 1 248824 3544953246906398772 0
100000 0.000010 10855 399.000000 18.000000 1044.000000 0.411919 0.376305 0.001878 1 1 250152 3544953246906398772 0
100000 0.000010 10582 178.000000 16.000000 930.000000 0.416117 0.339359 0.001601 1 1 227448 3544953246906398772 0
100000 0.000010 9980 996.000000 12.000000 930.000000 0.402655 0.325439 0.001605 1 1 227448 3544953246906398772 0
100000 0.000010 10053 257.000000 14.000000 814.000000 0.394820 0.306957 0.001711 1 1 212632 3544953246906398772 0
100000 0.000010 10616 156.000000 18.000000 584.000000 0.380203 0.254460 0.001960 1 1 183240 3544953246906398772 0
100000 0.000010 10228 252.000000 14.000000 822.000000 0.413369 0.304149 0.001495 1 1 213464 3544953246906398772 0
100000 0.000010 10785 337.000000 18.000000 1028.000000 0.420994 0.363082 0.001763 1 1 248104 3544953246906398772 0
100000 0.000010 10785 717.000000 18.000000 876.000000 0.408376 0.314568 0.001536 1 1 220648 3544953246906398772 0
100000 0.000010 10603 199.000000 16.000000 876.000000 0.394052 0.327952 0.001745 1 1 220648 3544953246906398772 0
100000 0.000010 10922 514.000000 16.000000 816.000000 0.410679 0.313007 0.001847 1 1 213064 3544953246906398772 0
100000 0.000010 10422 1010.000000 14.000000 584.000000 0.377297 0.244028 0.001716 1 1 183240 3544953246906398772 0
100000 0.000010 11226 814.000000 16.000000 412.000000 0.349466 0.210291 0.001101 1 1 157160 3544953246906398772 0
100000 0.000010 10523 503.000000 16.000000 732.000000 0.396500 0.282140 0.001413 1 1 202152 3544953246906398772 0
100000 0.000010 10158 770.000000 13.000000 829.000000 0.410461 0.305584 0.002080 1 1 214680 3544953246906398772 0
100000 0.000010 10661 597.000000 18.000000 802.000000 0.394031 0.301615 0.001356 1 1 210936 3544953246906398772 0
100000 0.000010 10410 390.000000 16.000000 892.000000 0.427657 0.326624 0.001384 1 1 222824 3544953246906398772 0
100000 0.000010 11149 737.000000 16.000000 958.000000 0.421973 0.359870 0.001819 1 1 231064 3544953246906398772 0
100000 0.000010 10180 292.000000 18.000000 1028.000000 0.416991 0.363387 0.001736 1 1 248104 3544953246906398772 0
100000 0.000010 11358 846.000000 20.000000 584.000000 0.395861 0.258830 0.001609 1 1 183240 3544953246906398772 0
100000 0.000010 10379 355.000000 16.000000 1056.000000 0.427505 0.359340 0.001698 1 1 251640 3544953246906398772 0
100000 0.000010 10306 330.000000 14.000000 412.000000 0.360872 0.205587 0.001374 1 1 157160 3544953246906398772 0
100000 0.000010 11249 837.000000 16.000000 816.000000 0.410976 0.314305 0.001612 1 1 213064 3544953246906398772 0
100000 0.000010 10772 328.000000 18.000000 876.000000 0.414067 0.322708 0.001639 1 1 220648 3544953246906398772 0
100000 0.000010 10895 448.000000 18.000000 822.000000 0.420020 0.318025 0.001660 1 1 213464 3544953246906398772 0
100000 0.000010 9591 179.000000 14.000000 958.000000 0.404508 0.334293 0.001410 1 1 231064 3544953246906398772 0
100000 0.000010 25178 7244.000000 74.000000 864.000000 0.423577 0.363514 0.002512 1 1 214680 3544953246906398772 0
100000 0.000010 11475 1675.000000 14.000000 598.000000 0.427970 0.254741 0.001750 1 1 184984 3544953246906398772 0
