Level|Partition|Comm (bytes)|Actual Sym Diff|Time Tree(s)|Time Recon(s)|Time Backtrack (included in Time Recon) (s)|Str Recon True|Tree Heap SIze|High Water Heap
2 2 2039448 8 0.552187 0.092667 0.014270 1 0 7070779441059164960
2 2 2036586 8 0.564460 0.080861 0.014796 1 0 7070779441059164960
2 2 2039338 8 0.557838 0.082268 0.014496 1 0 7070779441059164960
2 2 2038944 8 0.560119 0.081585 0.014764 1 0 7070779441059164960
2 2 2033860 8 0.561215 0.080885 0.013661 1 0 7070779441059164960
2 2 2036167 8 0.560168 0.074814 0.013182 1 0 7070779441059164960
2 2 2039422 8 0.560437 0.083420 0.014361 1 0 7070779441059164960
2 2 2036107 8 0.560511 0.083070 0.016799 1 0 7070779441059164960
2 2 2034407 8 0.559399 0.081658 0.015806 1 0 7070779441059164960
2 2 2034099 8 0.560938 0.080685 0.015511 1 0 7070779441059164960
2 2 2039151 8 0.560210 0.081231 0.015325 1 0 7070779441059164960
2 2 2035731 8 0.560050 0.081999 0.014865 1 0 7070779441059164960
2 2 2034240 8 0.562438 0.082226 0.016524 1 0 7070779441059164960
2 2 2034857 8 0.559306 0.086994 0.017556 1 0 7070779441059164960
2 2 2037837 8 0.558477 0.078285 0.015101 1 0 7070779441059164960
2 2 2036437 8 0.560491 0.084494 0.018294 1 0 7070779441059164960
2 2 2037620 8 0.556918 0.086033 0.016806 1 0 7070779441059164960
2 2 2034190 8 0.557034 0.081888 0.017480 1 0 7070779441059164960
2 2 2037462 8 0.559189 0.089077 0.017738 1 0 7070779441059164960
2 2 2038677 8 0.558745 0.090279 0.020135 1 0 7070779441059164960
2 2 2033931 8 0.561799 0.083355 0.016564 1 0 7070779441059164960
2 2 2040540 8 0.556826 0.082155 0.016545 1 0 7070779441059164960
2 2 2036137 8 0.562778 0.085637 0.015542 1 0 7070779441059164960
2 2 2037916 8 0.559611 0.082949 0.015820 1 0 7070779441059164960
2 2 2034831 8 0.560682 0.088545 0.019217 1 0 7070779441059164960
2 2 2033848 8 0.561851 0.078480 0.015705 1 0 7070779441059164960
2 2 2039389 8 0.562300 0.091317 0.019294 1 0 7070779441059164960
2 2 2039263 8 0.564363 0.084452 0.016633 1 0 7070779441059164960
2 2 2034406 8 0.558887 0.082244 0.019906 1 0 7070779441059164960
2 2 2037792 8 0.563361 0.075707 0.012843 1 0 7070779441059164960
2 2 2036242 8 0.561729 0.085333 0.020672 1 0 7070779441059164960
2 2 2040027 8 0.560426 0.084238 0.013114 1 0 7070779441059164960
2 2 2038224 8 0.562606 0.083768 0.015075 1 0 7070779441059164960
2 2 2037839 8 0.557386 0.085600 0.017942 1 0 7070779441059164960
2 2 2035857 8 0.558118 0.092119 0.018563 1 0 7070779441059164960
2 2 2040217 8 0.558291 0.081095 0.015655 1 0 7070779441059164960
2 2 2035926 8 0.559934 0.083617 0.015163 1 0 7070779441059164960
2 2 2035839 8 0.561617 0.088027 0.015919 1 0 7070779441059164960
2 2 2036414 8 0.567623 0.082234 0.015865 1 0 7070779441059164960
2 2 2038527 8 0.562799 0.086928 0.015977 1 0 7070779441059164960
2 2 2036879 8 0.558824 0.079443 0.014765 1 0 7070779441059164960
2 2 2036345 8 0.563882 0.074897 0.014885 1 0 7070779441059164960
2 2 2035922 8 0.561972 0.078060 0.015620 1 0 7070779441059164960
2 2 2037207 8 0.560955 0.084547 0.015824 1 0 7070779441059164960
2 2 2037465 8 0.561542 0.081963 0.016236 1 0 7070779441059164960
2 2 2036790 8 0.563369 0.082688 0.014587 1 0 7070779441059164960
2 2 2034048 8 0.561450 0.074752 0.013907 1 0 7070779441059164960
2 2 2037002 8 0.560376 0.074308 0.011216 1 0 7070779441059164960
2 2 2037556 8 0.558912 0.080216 0.018152 1 0 7070779441059164960
2 2 2034180 8 0.555872 0.076815 0.014321 1 0 7070779441059164960
2 2 2038636 8 0.556721 0.080450 0.016456 1 0 7070779441059164960
2 2 2038338 8 0.559452 0.082032 0.013940 1 0 7070779441059164960
2 2 2036660 8 0.560826 0.080516 0.014214 1 0 7070779441059164960
2 2 2035080 8 0.560768 0.075861 0.012298 1 0 7070779441059164960
2 2 2037241 8 0.563756 0.078100 0.015100 1 0 7070779441059164960
2 2 2034408 8 0.558775 0.081316 0.016596 1 0 7070779441059164960
2 2 2036696 8 0.561450 0.084942 0.017361 1 0 7070779441059164960
2 2 2037333 8 0.558260 0.082004 0.014826 1 0 7070779441059164960
2 2 2036974 8 0.563410 0.088866 0.016736 1 0 7070779441059164960
2 2 2038062 8 0.559271 0.083295 0.015906 1 0 7070779441059164960
2 2 2037495 8 0.559077 0.080357 0.013559 1 0 7070779441059164960
2 2 2035354 8 0.561115 0.083153 0.014471 1 0 7070779441059164960
2 2 2037737 8 0.559147 0.081092 0.013126 1 0 7070779441059164960
2 2 2039216 8 0.558571 0.082087 0.013641 1 0 7070779441059164960
2 2 2035678 8 0.560184 0.083045 0.014835 1 0 7070779441059164960
2 2 2034276 8 0.561569 0.074143 0.011410 1 0 7070779441059164960
2 2 2034311 8 0.561251 0.086801 0.013383 1 0 7070779441059164960
2 2 2036481 8 0.562194 0.080298 0.014894 1 0 7070779441059164960
2 2 2038597 8 0.559680 0.082038 0.014347 1 0 7070779441059164960
2 2 2034770 8 0.556987 0.080881 0.014740 1 0 7070779441059164960
2 2 2034317 8 0.560654 0.076956 0.011178 1 0 7070779441059164960
2 2 2035647 8 0.560160 0.085863 0.016282 1 0 7070779441059164960
2 2 2039268 8 0.557295 0.083477 0.013162 1 0 7070779441059164960
2 2 2041134 8 0.563732 0.087447 0.015311 1 0 7070779441059164960
2 2 2034830 8 0.553697 0.082396 0.016377 1 0 7070779441059164960
2 2 2036053 8 0.561422 0.076022 0.011165 1 0 7070779441059164960
2 2 2039488 8 0.554657 0.077757 0.012495 1 0 7070779441059164960
2 2 2037826 8 0.556861 0.073477 0.011377 1 0 7070779441059164960
2 2 2037387 8 0.559386 0.079918 0.013425 1 0 7070779441059164960
2 2 2038453 8 0.555122 0.078703 0.014732 1 0 7070779441059164960
2 2 2038481 8 0.559592 0.081154 0.012867 1 0 7070779441059164960
2 2 2035095 8 0.557348 0.082396 0.014384 1 0 7070779441059164960
2 2 2038305 8 0.559643 0.081739 0.013130 1 0 7070779441059164960
2 2 2035987 8 0.558230 0.080951 0.015080 1 0 7070779441059164960
2 2 2036716 8 0.557569 0.082125 0.017146 1 0 7070779441059164960
2 2 2035511 8 0.559493 0.080552 0.015287 1 0 7070779441059164960
2 2 2036884 8 0.555582 0.077641 0.012320 1 0 7070779441059164960
2 2 2038136 8 0.557600 0.080064 0.011561 1 0 7070779441059164960
2 2 2039024 8 0.558753 0.071283 0.011356 1 0 7070779441059164960
2 2 2037929 8 0.562003 0.076504 0.014248 1 0 7070779441059164960
2 2 2037661 8 0.558029 0.078794 0.013657 1 0 7070779441059164960
2 2 2036943 8 0.556810 0.076947 0.013596 1 0 7070779441059164960
2 2 2036427 8 0.556575 0.074787 0.013414 1 0 7070779441059164960
2 2 2039623 8 0.561066 0.075889 0.014554 1 0 7070779441059164960
2 2 2037318 8 0.559325 0.075228 0.013399 1 0 7070779441059164960
2 2 2035830 8 0.557704 0.079705 0.013842 1 0 7070779441059164960
2 2 2040090 8 0.558300 0.075668 0.011444 1 0 7070779441059164960
2 2 2036133 8 0.561149 0.079068 0.012068 1 0 7070779441059164960
2 2 2037088 8 0.558707 0.076214 0.012593 1 0 7070779441059164960
2 2 2040911 8 0.556408 0.077293 0.013032 1 0 7070779441059164960
2 4 2040013 16 0.709590 0.082020 0.012523 1 0 7070779441059164960
2 4 1788010 16 0.695331 0.081854 0.017317 1 0 7070779441059164960
2 4 2036214 16 0.697550 0.087800 0.016349 1 0 7070779441059164960
2 4 2036020 16 0.695523 0.084824 0.013853 1 0 7070779441059164960
2 4 2035858 16 0.697692 0.083015 0.012570 1 0 7070779441059164960
2 4 2042418 16 0.700049 0.090430 0.016987 1 0 7070779441059164960
2 4 2035800 16 0.695225 0.086547 0.015863 1 0 7070779441059164960
2 4 2041849 16 0.697616 0.088067 0.014407 1 0 7070779441059164960
2 4 2042827 16 0.701156 0.089699 0.014993 1 0 7070779441059164960
2 4 2042311 16 0.702377 0.090091 0.017779 1 0 7070779441059164960
2 4 2036920 16 0.694371 0.084557 0.016904 1 0 7070779441059164960
2 4 1787635 14 0.698069 0.080524 0.016796 1 0 7070779441059164960
2 4 2042435 16 0.696980 0.087712 0.013510 1 0 7070779441059164960
2 4 1787044 16 0.698076 0.083585 0.016739 1 0 7070779441059164960
2 4 2038238 16 0.694466 0.087549 0.013485 1 0 7070779441059164960
2 4 2041301 16 0.696337 0.084923 0.017851 1 0 7070779441059164960
2 4 2041231 16 0.699330 0.092406 0.016811 1 0 7070779441059164960
2 4 2038239 16 0.700738 0.081961 0.014283 1 0 7070779441059164960
2 4 1036620 16 0.705802 0.070136 0.016113 1 0 7070779441059164960
2 4 2039789 16 0.694354 0.085493 0.020452 1 0 7070779441059164960
2 4 2042886 16 0.695720 0.085184 0.017267 1 0 7070779441059164960
2 4 2039315 16 0.698569 0.091195 0.016415 1 0 7070779441059164960
2 4 2041899 16 0.699840 0.082261 0.014714 1 0 7070779441059164960
2 4 2038773 16 0.696847 0.084718 0.017930 1 0 7070779441059164960
2 4 2042752 16 0.698212 0.086177 0.015836 1 0 7070779441059164960
2 4 2041829 16 0.698229 0.085616 0.018031 1 0 7070779441059164960
2 4 2039992 16 0.697414 0.087926 0.018638 1 0 7070779441059164960
2 4 2038886 16 0.702087 0.083797 0.014692 1 0 7070779441059164960
2 4 2037973 16 0.699287 0.087866 0.018043 1 0 7070779441059164960
2 4 2042900 16 0.699148 0.086768 0.013691 1 0 7070779441059164960
2 4 2039253 16 0.698316 0.078440 0.014184 1 0 7070779441059164960
2 4 2040250 16 0.702232 0.086103 0.013973 1 0 7070779441059164960
2 4 2043656 16 0.703836 0.088616 0.016372 1 0 7070779441059164960
2 4 1787665 16 0.700846 0.080517 0.016247 1 0 7070779441059164960
2 4 1787160 16 0.699965 0.099772 0.029406 1 0 7070779441059164960
2 4 2039154 16 0.700300 0.084061 0.016982 1 0 7070779441059164960
2 4 2035936 16 0.703071 0.079359 0.015774 1 0 7070779441059164960
2 4 2037221 16 0.696700 0.084250 0.016061 1 0 7070779441059164960
2 4 2035812 16 0.697820 0.085397 0.015662 1 0 7070779441059164960
2 4 2041043 16 0.699926 0.083047 0.016490 1 0 7070779441059164960
2 4 2035794 16 0.697573 0.084651 0.018467 1 0 7070779441059164960
2 4 2037988 16 0.698150 0.085528 0.016902 1 0 7070779441059164960
2 4 2039261 16 0.701434 0.083097 0.016473 1 0 7070779441059164960
2 4 2039476 16 0.699496 0.086013 0.020209 1 0 7070779441059164960
2 4 2039747 16 0.697627 0.089071 0.016597 1 0 7070779441059164960
2 4 2035402 16 0.696360 0.084854 0.017010 1 0 7070779441059164960
2 4 2039781 16 0.701849 0.085174 0.019081 1 0 7070779441059164960
2 4 2036804 16 0.701780 0.090229 0.020990 1 0 7070779441059164960
2 4 2037387 16 0.697910 0.081084 0.014020 1 0 7070779441059164960
2 4 2038204 16 0.699984 0.085096 0.018325 1 0 7070779441059164960
2 4 2035465 16 0.700177 0.084060 0.017756 1 0 7070779441059164960
2 4 2043739 16 0.702189 0.089269 0.015641 1 0 7070779441059164960
2 4 2041209 16 0.700121 0.090238 0.021587 1 0 7070779441059164960
2 4 2039494 16 0.701049 0.086665 0.016983 1 0 7070779441059164960
2 4 2041699 16 0.696419 0.096424 0.019199 1 0 7070779441059164960
2 4 2037869 16 0.694034 0.085534 0.018984 1 0 7070779441059164960
2 4 2039221 16 0.702421 0.084423 0.018409 1 0 7070779441059164960
2 4 2041386 16 0.700633 0.088274 0.015637 1 0 7070779441059164960
2 4 2038360 16 0.698296 0.087464 0.018621 1 0 7070779441059164960
2 4 1542425 16 0.695768 0.081308 0.019798 1 0 7070779441059164960
2 4 2035921 16 0.699307 0.080651 0.015260 1 0 7070779441059164960
2 4 2037889 16 0.703462 0.086023 0.018626 1 0 7070779441059164960
2 4 2042717 16 0.696833 0.087409 0.016800 1 0 7070779441059164960
2 4 2036127 16 0.706151 0.085011 0.018001 1 0 7070779441059164960
2 4 2039420 16 0.697585 0.085693 0.015616 1 0 7070779441059164960
2 4 2038091 16 0.695510 0.087993 0.018571 1 0 7070779441059164960
2 4 2040955 16 0.699733 0.085544 0.015320 1 0 7070779441059164960
2 4 2036936 16 0.694330 0.089277 0.014987 1 0 7070779441059164960
2 4 2035622 16 0.693960 0.084817 0.013224 1 0 7070779441059164960
2 4 2041900 16 0.702398 0.084450 0.016377 1 0 7070779441059164960
2 4 2039656 16 0.699311 0.076631 0.014505 1 0 7070779441059164960
2 4 2035368 16 0.700244 0.086014 0.018622 1 0 7070779441059164960
2 4 2042034 16 0.698729 0.087506 0.016181 1 0 7070779441059164960
2 4 2037358 16 0.693937 0.087641 0.014701 1 0 7070779441059164960
2 4 2035725 16 0.705222 0.089130 0.014822 1 0 7070779441059164960
2 4 2037247 16 0.701678 0.087912 0.019502 1 0 7070779441059164960
2 4 2037829 16 0.702845 0.088428 0.021865 1 0 7070779441059164960
2 4 2041353 16 0.697652 0.088870 0.021514 1 0 7070779441059164960
2 4 2036183 16 0.702274 0.084897 0.017599 1 0 7070779441059164960
2 4 1791634 16 0.703565 0.085522 0.017596 1 0 7070779441059164960
2 4 2042030 16 0.701083 0.088385 0.017294 1 0 7070779441059164960
2 4 2041919 16 0.700266 0.088794 0.020806 1 0 7070779441059164960
2 4 2038093 16 0.701646 0.093704 0.019921 1 0 7070779441059164960
2 4 2040428 16 0.702541 0.091014 0.022582 1 0 7070779441059164960
2 4 2038950 16 0.699242 0.094334 0.018699 1 0 7070779441059164960
2 4 2038852 16 0.700679 0.089711 0.017077 1 0 7070779441059164960
2 4 2039486 16 0.701947 0.085125 0.018122 1 0 7070779441059164960
2 4 2041269 16 0.704930 0.091372 0.017800 1 0 7070779441059164960
2 4 2039183 16 0.700397 0.087683 0.017445 1 0 7070779441059164960
2 4 2036547 16 0.699000 0.087447 0.018683 1 0 7070779441059164960
2 4 2039433 16 0.698765 0.086341 0.016412 1 0 7070779441059164960
2 4 2042315 16 0.699697 0.085419 0.017476 1 0 7070779441059164960
2 4 2039486 16 0.698274 0.093742 0.018995 1 0 7070779441059164960
2 4 2041582 16 0.703911 0.097541 0.018523 1 0 7070779441059164960
2 4 2039604 16 0.696707 0.083785 0.017283 1 0 7070779441059164960
2 4 2039937 16 0.696389 0.085917 0.019252 1 0 7070779441059164960
2 4 2038302 16 0.697978 0.086385 0.019208 1 0 7070779441059164960
2 4 2036400 16 0.697144 0.085134 0.019153 1 0 7070779441059164960
2 4 2041252 16 0.699637 0.089744 0.020182 1 0 7070779441059164960
2 4 2037300 16 0.695194 0.086709 0.019066 1 0 7070779441059164960
2 6 1875531 24 0.792426 0.095275 0.017301 1 0 7070779441059164960
2 6 1371667 24 0.789563 0.084002 0.023293 1 0 7070779441059164960
2 6 1207406 24 0.789380 0.077558 0.020108 1 0 7070779441059164960
2 6 2037217 24 0.789601 0.088098 0.019966 1 0 7070779441059164960
2 6 1706614 24 0.794321 0.088889 0.018997 1 0 7070779441059164960
2 6 1707543 22 0.793101 0.093167 0.023709 1 0 7070779441059164960
2 6 1540256 24 0.790903 0.084935 0.018330 1 0 7070779441059164960
2 6 705335 12 0.786303 0.070777 0.018580 1 0 7070779441059164960
2 6 1710782 24 0.789244 0.094265 0.023830 1 0 7070779441059164960
2 6 2040661 24 0.793900 0.086801 0.018944 1 0 7070779441059164960
2 6 1870146 22 0.794871 0.091090 0.023652 1 0 7070779441059164960
2 6 1878878 24 0.793981 0.085032 0.019560 1 0 7070779441059164960
2 6 1204363 24 0.793230 0.081908 0.021559 1 0 7070779441059164960
2 6 1872484 24 0.791352 0.089223 0.019164 1 0 7070779441059164960
2 6 1877984 24 0.788552 0.097880 0.027102 1 0 7070779441059164960
2 6 1873408 24 0.792356 0.085876 0.018865 1 0 7070779441059164960
2 6 2041051 24 0.792034 0.093259 0.023270 1 0 7070779441059164960
2 6 2040881 24 0.793778 0.094446 0.022333 1 0 7070779441059164960
2 6 2038012 24 0.791926 0.108879 0.024998 1 0 7070779441059164960
2 6 1870928 24 0.793055 0.089559 0.027975 1 0 7070779441059164960
2 6 2041555 24 0.790894 0.087715 0.022101 1 0 7070779441059164960
2 6 1704616 24 0.793932 0.087100 0.024076 1 0 7070779441059164960
2 6 2038696 24 0.794896 0.085061 0.019164 1 0 7070779441059164960
2 6 1704446 24 0.790589 0.082805 0.021602 1 0 7070779441059164960
2 6 873122 16 0.791020 0.069023 0.018082 1 0 7070779441059164960
2 6 1706167 22 0.784885 0.083290 0.019283 1 0 7070779441059164960
2 6 1203314 24 0.788888 0.088330 0.028806 1 0 7070779441059164960
2 6 1709690 24 0.795331 0.090337 0.025455 1 0 7070779441059164960
2 6 2037879 24 0.795357 0.098443 0.028695 1 0 7070779441059164960
2 6 1707083 22 0.789124 0.092484 0.023751 1 0 7070779441059164960
2 6 2041982 24 0.791421 0.100206 0.025620 1 0 7070779441059164960
2 6 1706360 22 0.788457 0.091606 0.022978 1 0 7070779441059164960
2 6 2037075 24 0.791702 0.097641 0.023960 1 0 7070779441059164960
2 6 1537559 24 0.784672 0.084556 0.019312 1 0 7070779441059164960
2 6 1704388 24 0.796101 0.085443 0.018782 1 0 7070779441059164960
2 6 2045972 24 0.791632 0.097188 0.028835 1 0 7070779441059164960
2 6 2041066 24 0.783900 0.101110 0.027601 1 0 7070779441059164960
2 6 1712368 24 0.790624 0.099450 0.025899 1 0 7070779441059164960
2 6 2039430 24 0.791358 0.097682 0.025087 1 0 7070779441059164960
2 6 1874750 24 0.787351 0.096781 0.021240 1 0 7070779441059164960
2 6 1706560 20 0.787874 0.090721 0.020605 1 0 7070779441059164960
2 6 1542019 24 0.785526 0.078021 0.017173 1 0 7070779441059164960
2 6 2037191 24 0.789735 0.091400 0.022508 1 0 7070779441059164960
2 6 2040799 24 0.794016 0.094559 0.018753 1 0 7070779441059164960
2 6 1703117 20 0.789783 0.087497 0.024156 1 0 7070779441059164960
2 6 2043456 24 0.787535 0.085695 0.017861 1 0 7070779441059164960
2 6 1206253 20 0.787498 0.073672 0.018789 1 0 7070779441059164960
2 6 1707052 20 0.794147 0.090647 0.021186 1 0 7070779441059164960
2 6 1877221 24 0.790150 0.086497 0.018152 1 0 7070779441059164960
2 6 1538159 20 0.790185 0.080260 0.016912 1 0 7070779441059164960
2 6 1709998 22 0.789980 0.090004 0.024184 1 0 7070779441059164960
2 6 1202319 16 0.789354 0.081221 0.024310 1 0 7070779441059164960
2 6 2039305 24 0.790592 0.093320 0.024379 1 0 7070779441059164960
2 6 1705915 24 0.784384 0.090046 0.024872 1 0 7070779441059164960
2 6 2040616 24 0.789718 0.092938 0.022023 1 0 7070779441059164960
2 6 1871737 24 0.787266 0.096733 0.022478 1 0 7070779441059164960
2 6 2039699 24 0.787893 0.098297 0.026611 1 0 7070779441059164960
2 6 1208915 24 0.790807 0.078606 0.018369 1 0 7070779441059164960
2 6 2038257 24 0.791221 0.101589 0.027413 1 0 7070779441059164960
2 6 1538575 24 0.791254 0.086693 0.028428 1 0 7070779441059164960
2 6 2040793 24 0.785920 0.091345 0.023441 1 0 7070779441059164960
2 6 2038974 24 0.787005 0.095703 0.025890 1 0 7070779441059164960
2 6 2043055 24 0.788724 0.093580 0.019896 1 0 7070779441059164960
2 6 1707698 22 0.787792 0.088987 0.022703 1 0 7070779441059164960
2 6 1872752 24 0.792452 0.096018 0.020932 1 0 7070779441059164960
2 6 1369939 24 0.790958 0.082813 0.019295 1 0 7070779441059164960
2 6 1877125 24 0.788302 0.086854 0.017657 1 0 7070779441059164960
2 6 1207250 24 0.791324 0.072314 0.013893 1 0 7070779441059164960
2 6 1537665 24 0.788033 0.087376 0.021787 1 0 7070779441059164960
2 6 1542841 24 0.794875 0.100062 0.027428 1 0 7070779441059164960
2 6 2039961 24 0.791123 0.091162 0.022372 1 0 7070779441059164960
2 6 1707067 24 0.788571 0.095990 0.024380 1 0 7070779441059164960
2 6 1873942 24 0.785026 0.086415 0.020130 1 0 7070779441059164960
2 6 1874522 24 0.787188 0.096285 0.019631 1 0 7070779441059164960
2 6 2045554 24 0.789806 0.103219 0.022991 1 0 7070779441059164960
2 6 1376982 24 0.786383 0.090023 0.019113 1 0 7070779441059164960
2 6 542333 24 0.786165 0.065916 0.015130 1 0 7070779441059164960
2 6 2047705 24 0.789561 0.095079 0.019708 1 0 7070779441059164960
2 6 1875603 24 0.786213 0.101292 0.026010 1 0 7070779441059164960
2 6 2040301 24 0.787490 0.089473 0.020313 1 0 7070779441059164960
2 6 1544345 24 0.783535 0.082823 0.020697 1 0 7070779441059164960
2 6 1379130 24 0.794480 0.079488 0.019979 1 0 7070779441059164960
2 6 2037569 24 0.785045 0.094974 0.024624 1 0 7070779441059164960
2 6 2041226 24 0.784833 0.093658 0.022739 1 0 7070779441059164960
2 6 1703876 24 0.788101 0.090058 0.026956 1 0 7070779441059164960
2 6 1708875 24 0.787791 0.075887 0.016782 1 0 7070779441059164960
2 6 1870795 24 0.784429 0.089416 0.020896 1 0 7070779441059164960
2 6 1375639 24 0.789400 0.080973 0.020167 1 0 7070779441059164960
2 6 1538339 24 0.783079 0.084801 0.022030 1 0 7070779441059164960
2 6 2041084 24 0.794061 0.086573 0.019168 1 0 7070779441059164960
2 6 2044911 24 0.790805 0.091837 0.021063 1 0 7070779441059164960
2 6 1874165 24 0.788285 0.083370 0.017471 1 0 7070779441059164960
2 6 1374916 24 0.786905 0.078890 0.020342 1 0 7070779441059164960
2 6 1204578 24 0.784631 0.075426 0.020478 1 0 7070779441059164960
2 6 2039788 24 0.786003 0.088998 0.023176 1 0 7070779441059164960
2 6 1703997 22 0.784803 0.093871 0.029112 1 0 7070779441059164960
2 6 2040649 24 0.790948 0.091045 0.021336 1 0 7070779441059164960
2 6 2045101 24 0.790363 0.091548 0.020113 1 0 7070779441059164960
2 6 1873532 24 0.787718 0.080432 0.017780 1 0 7070779441059164960
2 6 1210837 24 0.793835 0.078442 0.020354 1 0 7070779441059164960
2 8 1414175 28 0.847883 0.088522 0.023332 1 0 7070779441059164960
2 8 1411272 26 0.845202 0.082469 0.025427 1 0 7070779441059164960
2 8 1549652 32 0.845467 0.086992 0.025776 1 0 7070779441059164960
2 8 1033869 22 0.842689 0.078808 0.023413 1 0 7070779441059164960
2 8 2048098 32 0.843407 0.101394 0.026508 1 0 7070779441059164960
2 8 1431493 32 0.844737 0.100796 0.025102 1 0 7070779441059164960
2 8 1170851 26 0.844499 0.082475 0.023676 1 0 7070779441059164960
2 8 2042307 32 0.848654 0.096089 0.029425 1 0 7070779441059164960
2 8 786049 18 0.846828 0.078157 0.025754 1 0 7070779441059164960
2 8 1790531 28 0.846439 0.093602 0.022197 1 0 7070779441059164960
2 8 1286494 26 0.841452 0.079289 0.022993 1 0 7070779441059164960
2 8 1794264 32 0.849501 0.103188 0.032220 1 0 7070779441059164960
2 8 1916442 32 0.847470 0.101631 0.028691 1 0 7070779441059164960
2 8 1665362 30 0.847631 0.093983 0.029425 1 0 7070779441059164960
2 8 1665025 28 0.845440 0.092780 0.029088 1 0 7070779441059164960
2 8 1788768 32 0.847108 0.097633 0.027468 1 0 7070779441059164960
2 8 1792206 30 0.845947 0.100906 0.030571 1 0 7070779441059164960
2 8 1919901 30 0.845752 0.106822 0.032825 1 0 7070779441059164960
2 8 1159442 22 0.853660 0.088456 0.032635 1 0 7070779441059164960
2 8 1166496 32 0.848995 0.094538 0.029966 1 0 7070779441059164960
2 8 1035242 32 0.852222 0.081554 0.020937 1 0 7070779441059164960
2 8 2041919 32 0.849438 0.099825 0.027496 1 0 7070779441059164960
2 8 1034106 32 0.847305 0.086420 0.025852 1 0 7070779441059164960
2 8 1790661 32 0.845564 0.096916 0.025109 1 0 7070779441059164960
2 8 1289026 32 0.844131 0.090473 0.025821 1 0 7070779441059164960
2 8 1667827 32 0.844688 0.093549 0.020737 1 0 7070779441059164960
2 8 1791973 30 0.843367 0.100965 0.029492 1 0 7070779441059164960
2 8 1161567 32 0.846616 0.088169 0.026924 1 0 7070779441059164960
2 8 804663 32 0.842400 0.076512 0.022308 1 0 7070779441059164960
2 8 1916092 32 0.849432 0.088823 0.025220 1 0 7070779441059164960
2 8 1917261 32 0.843419 0.091692 0.023890 1 0 7070779441059164960
2 8 1411464 32 0.847196 0.085744 0.023196 1 0 7070779441059164960
2 8 1167083 32 0.843488 0.085588 0.022824 1 0 7070779441059164960
2 8 1913954 32 0.843237 0.094856 0.028063 1 0 7070779441059164960
2 8 1411879 32 0.844399 0.084301 0.021559 1 0 7070779441059164960
2 8 1914780 32 0.845329 0.089579 0.021389 1 0 7070779441059164960
2 8 1419329 32 0.849348 0.099332 0.025960 1 0 7070779441059164960
2 8 2046471 32 0.846921 0.089578 0.022163 1 0 7070779441059164960
2 8 1161597 24 0.850120 0.084345 0.024876 1 0 7070779441059164960
2 8 2042198 32 0.845650 0.090008 0.024079 1 0 7070779441059164960
2 8 1791200 30 0.845234 0.085269 0.022171 1 0 7070779441059164960
2 8 1168107 32 0.849866 0.082752 0.023920 1 0 7070779441059164960
2 8 1291663 32 0.844729 0.083972 0.025434 1 0 7070779441059164960
2 8 1414138 32 0.853613 0.084263 0.028168 1 0 7070779441059164960
2 8 1285667 32 0.844701 0.093328 0.035426 1 0 7070779441059164960
2 8 1416863 32 0.845788 0.095702 0.035242 1 0 7070779441059164960
2 8 1161419 32 0.847297 0.078296 0.026118 1 0 7070779441059164960
2 8 1292760 32 0.845039 0.084477 0.022087 1 0 7070779441059164960
2 8 1290903 26 0.849554 0.081412 0.028406 1 0 7070779441059164960
2 8 1788315 32 0.846621 0.083809 0.023327 1 0 7070779441059164960
2 8 2043220 32 0.844316 0.090708 0.022820 1 0 7070779441059164960
2 8 1915858 32 0.847858 0.091390 0.024353 1 0 7070779441059164960
2 8 2039135 32 0.847642 0.094514 0.023251 1 0 7070779441059164960
2 8 1795533 28 0.850914 0.087030 0.021620 1 0 7070779441059164960
2 8 1301268 32 0.846706 0.082293 0.026381 1 0 7070779441059164960
2 8 1287658 32 0.848763 0.077375 0.022835 1 0 7070779441059164960
2 8 1539826 26 0.842772 0.080665 0.023034 1 0 7070779441059164960
2 8 1410340 24 0.842742 0.076760 0.021420 1 0 7070779441059164960
2 8 1671345 32 0.847210 0.084953 0.021893 1 0 7070779441059164960
2 8 1410962 32 0.846110 0.081994 0.019289 1 0 7070779441059164960
2 8 1418086 32 0.843306 0.082836 0.024135 1 0 7070779441059164960
2 8 1916631 32 0.844512 0.088104 0.025201 1 0 7070779441059164960
2 8 1419814 32 0.847802 0.085123 0.022689 1 0 7070779441059164960
2 8 1546161 32 0.845180 0.078605 0.023039 1 0 7070779441059164960
2 8 910323 32 0.849164 0.075004 0.024259 1 0 7070779441059164960
2 8 1544266 32 0.842908 0.084052 0.024540 1 0 7070779441059164960
2 8 1789024 32 0.846142 0.082482 0.023338 1 0 7070779441059164960
2 8 1428484 32 0.847065 0.092037 0.023042 1 0 7070779441059164960
2 8 1176339 32 0.856278 0.076262 0.023352 1 0 7070779441059164960
2 8 1174460 28 0.842250 0.077992 0.024646 1 0 7070779441059164960
2 8 1051800 32 0.845109 0.075031 0.021627 1 0 7070779441059164960
2 8 1663546 32 0.842101 0.083335 0.025881 1 0 7070779441059164960
2 8 2041811 32 0.843693 0.089698 0.026349 1 0 7070779441059164960
2 8 1665572 32 0.846530 0.080034 0.023459 1 0 7070779441059164960
2 8 919845 32 0.842978 0.067572 0.020880 1 0 7070779441059164960
2 8 1791024 32 0.843805 0.084152 0.022254 1 0 7070779441059164960
2 8 1789087 32 0.849327 0.085720 0.023109 1 0 7070779441059164960
2 8 669433 32 0.843436 0.070741 0.021162 1 0 7070779441059164960
2 8 910733 32 0.847683 0.072087 0.024282 1 0 7070779441059164960
2 8 1412894 32 0.840920 0.076684 0.023698 1 0 7070779441059164960
2 8 1787925 32 0.842229 0.088835 0.021232 1 0 7070779441059164960
2 8 1163823 32 0.842799 0.070303 0.019362 1 0 7070779441059164960
2 8 1788485 30 0.844928 0.081237 0.020861 1 0 7070779441059164960
2 8 1168553 32 0.847372 0.078941 0.023872 1 0 7070779441059164960
2 8 1921516 32 0.845319 0.091414 0.023911 1 0 7070779441059164960
2 8 1793052 32 0.843783 0.099011 0.023490 1 0 7070779441059164960
2 8 785634 32 0.845750 0.067396 0.020936 1 0 7070779441059164960
2 8 1410472 32 0.845088 0.078711 0.020924 1 0 7070779441059164960
2 8 1426102 32 0.839981 0.082350 0.024240 1 0 7070779441059164960
2 8 1919703 32 0.847878 0.093830 0.026467 1 0 7070779441059164960
2 8 1788425 32 0.844417 0.083416 0.022705 1 0 7070779441059164960
2 8 924183 32 0.849349 0.073625 0.023299 1 0 7070779441059164960
2 8 1287040 32 0.854489 0.084333 0.024352 1 0 7070779441059164960
2 8 1164412 32 0.862658 0.076609 0.020529 1 0 7070779441059164960
2 8 1418194 32 0.856755 0.080673 0.024242 1 0 7070779441059164960
2 8 1177875 32 0.841475 0.070715 0.016036 1 0 7070779441059164960
2 8 2046941 32 0.844250 0.083838 0.018742 1 0 7070779441059164960
2 8 1044155 32 0.841974 0.067285 0.016293 1 0 7070779441059164960
2 8 1421033 32 0.842856 0.071289 0.019364 1 0 7070779441059164960
2 8 1665885 32 0.842865 0.078480 0.019600 1 0 7070779441059164960
3 2 2047447 26 1.157023 0.091909 0.020760 1 0 7070779441059164960
3 2 2047758 26 1.157692 0.088134 0.020975 1 0 7070779441059164960
3 2 2043065 26 1.159887 0.087711 0.020088 1 0 7070779441059164960
3 2 2037950 26 1.167463 0.081671 0.018964 1 0 7070779441059164960
3 2 2037571 26 1.158280 0.081437 0.019985 1 0 7070779441059164960
3 2 2043350 26 1.161504 0.090978 0.022259 1 0 7070779441059164960
3 2 2045022 26 1.158903 0.085608 0.020011 1 0 7070779441059164960
3 2 2038630 26 1.156979 0.083691 0.020499 1 0 7070779441059164960
3 2 2040498 26 1.157250 0.084369 0.021804 1 0 7070779441059164960
3 2 2043733 26 1.154547 0.083591 0.021845 1 0 7070779441059164960
3 2 2038631 26 1.157713 0.081988 0.020876 1 0 7070779441059164960
3 2 2046217 26 1.157679 0.085106 0.020513 1 0 7070779441059164960
3 2 2038326 26 1.157361 0.082999 0.019978 1 0 7070779441059164960
3 2 2041375 26 1.156868 0.082969 0.021760 1 0 7070779441059164960
3 2 2046186 26 1.157653 0.086829 0.021056 1 0 7070779441059164960
3 2 2037779 26 1.161410 0.081178 0.021817 1 0 7070779441059164960
3 2 2040756 26 1.157830 0.083575 0.022694 1 0 7070779441059164960
3 2 2041687 26 1.153686 0.084403 0.020756 1 0 7070779441059164960
3 2 2041806 26 1.158153 0.085952 0.023867 1 0 7070779441059164960
3 2 2037797 26 1.154953 0.084685 0.024137 1 0 7070779441059164960
3 2 2043403 26 1.156096 0.086437 0.021604 1 0 7070779441059164960
3 2 2037999 26 1.155424 0.084263 0.021854 1 0 7070779441059164960
3 2 1915069 26 1.159099 0.082695 0.020742 1 0 7070779441059164960
3 2 1918976 26 1.157868 0.086040 0.023189 1 0 7070779441059164960
3 2 2043592 26 1.158795 0.083477 0.019955 1 0 7070779441059164960
3 2 2041719 26 1.154113 0.084053 0.021563 1 0 7070779441059164960
3 2 2045183 26 1.161581 0.083595 0.020731 1 0 7070779441059164960
3 2 2038068 26 1.157540 0.087541 0.021996 1 0 7070779441059164960
3 2 1914665 26 1.158692 0.078501 0.020664 1 0 7070779441059164960
3 2 1790205 26 1.159103 0.076832 0.021233 1 0 7070779441059164960
3 2 1921087 26 1.156778 0.083980 0.021424 1 0 7070779441059164960
3 2 2040802 26 1.158689 0.087044 0.021658 1 0 7070779441059164960
3 2 2039018 26 1.159670 0.081149 0.020246 1 0 7070779441059164960
3 2 2041314 26 1.158246 0.083088 0.021587 1 0 7070779441059164960
3 2 1792863 26 1.155633 0.080453 0.021308 1 0 7070779441059164960
3 2 2038152 26 1.156618 0.080991 0.020297 1 0 7070779441059164960
3 2 1919226 26 1.156315 0.085738 0.020915 1 0 7070779441059164960
3 2 2041108 26 1.161394 0.079731 0.020908 1 0 7070779441059164960
3 2 2042470 26 1.157582 0.087862 0.021749 1 0 7070779441059164960
3 2 2045823 26 1.161818 0.085595 0.021212 1 0 7070779441059164960
3 2 2039314 26 1.154056 0.081271 0.020256 1 0 7070779441059164960
3 2 2039111 26 1.154761 0.083922 0.023476 1 0 7070779441059164960
3 2 2041678 26 1.154781 0.081008 0.021617 1 0 7070779441059164960
3 2 2043170 26 1.156414 0.087175 0.021451 1 0 7070779441059164960
3 2 2037227 26 1.159336 0.078892 0.020233 1 0 7070779441059164960
3 2 2039249 26 1.156981 0.083458 0.020507 1 0 7070779441059164960
3 2 2045262 26 1.155786 0.084124 0.020390 1 0 7070779441059164960
3 2 1921161 26 1.156011 0.080963 0.020895 1 0 7070779441059164960
3 2 2041180 26 1.155342 0.085428 0.022853 1 0 7070779441059164960
3 2 2040870 26 1.161625 0.082548 0.020168 1 0 7070779441059164960
3 2 2038298 26 1.158544 0.081279 0.020126 1 0 7070779441059164960
3 2 2045090 26 1.155569 0.082756 0.020746 1 0 7070779441059164960
3 2 2038165 26 1.154596 0.086382 0.023292 1 0 7070779441059164960
3 2 1915332 26 1.156339 0.081483 0.020854 1 0 7070779441059164960
3 2 1794408 26 1.155473 0.080469 0.021650 1 0 7070779441059164960
3 2 1915809 24 1.157287 0.080880 0.022845 1 0 7070779441059164960
3 2 2038320 26 1.153106 0.084759 0.020797 1 0 7070779441059164960
3 2 2038642 26 1.163086 0.083921 0.022958 1 0 7070779441059164960
3 2 2038774 26 1.160732 0.082406 0.020486 1 0 7070779441059164960
3 2 2041799 26 1.157169 0.083695 0.020837 1 0 7070779441059164960
3 2 2038737 26 1.155129 0.083722 0.021776 1 0 7070779441059164960
3 2 2043814 26 1.152884 0.083916 0.020763 1 0 7070779441059164960
3 2 2041802 26 1.157937 0.084473 0.022967 1 0 7070779441059164960
3 2 2040622 26 1.154727 0.085389 0.022763 1 0 7070779441059164960
3 2 2041639 26 1.156847 0.081987 0.021587 1 0 7070779441059164960
3 2 2039322 26 1.153160 0.080751 0.022499 1 0 7070779441059164960
3 2 2040304 26 1.155962 0.082903 0.021514 1 0 7070779441059164960
3 2 2037609 26 1.158555 0.082091 0.020863 1 0 7070779441059164960
3 2 2039340 26 1.159721 0.082426 0.021691 1 0 7070779441059164960
3 2 2039185 26 1.156680 0.088018 0.023303 1 0 7070779441059164960
3 2 2043141 26 1.154897 0.084939 0.020222 1 0 7070779441059164960
3 2 2046598 26 1.160884 0.090062 0.024577 1 0 7070779441059164960
3 2 2044310 26 1.152538 0.083111 0.020073 1 0 7070779441059164960
3 2 2037991 26 1.158165 0.082651 0.020989 1 0 7070779441059164960
3 2 2038926 26 1.158553 0.080783 0.021390 1 0 7070779441059164960
3 2 2044099 26 1.159334 0.082803 0.021367 1 0 7070779441059164960
3 2 2042401 26 1.155413 0.084036 0.020933 1 0 7070779441059164960
3 2 2042725 26 1.164001 0.087040 0.020195 1 0 7070779441059164960
3 2 2043346 26 1.155620 0.083642 0.021108 1 0 7070779441059164960
3 2 2041949 26 1.161114 0.084294 0.020877 1 0 7070779441059164960
3 2 2041696 26 1.155554 0.083253 0.021897 1 0 7070779441059164960
3 2 2044189 26 1.161644 0.083422 0.020690 1 0 7070779441059164960
3 2 2042362 26 1.159644 0.086212 0.019924 1 0 7070779441059164960
3 2 2037375 26 1.157410 0.082096 0.020649 1 0 7070779441059164960
3 2 2037947 26 1.156986 0.081338 0.019449 1 0 7070779441059164960
3 2 1789734 26 1.155252 0.080017 0.020892 1 0 7070779441059164960
3 2 2038601 26 1.154886 0.082723 0.020382 1 0 7070779441059164960
3 2 2039865 26 1.156418 0.082327 0.020172 1 0 7070779441059164960
3 2 2043910 26 1.154545 0.084612 0.019727 1 0 7070779441059164960
3 2 2037302 26 1.157416 0.080197 0.019920 1 0 7070779441059164960
3 2 1914191 26 1.154994 0.079416 0.019957 1 0 7070779441059164960
3 2 2038856 26 1.153890 0.086962 0.022539 1 0 7070779441059164960
3 2 2041726 26 1.154408 0.079126 0.020223 1 0 7070779441059164960
3 2 2038127 26 1.153418 0.083139 0.020297 1 0 7070779441059164960
3 2 2042033 26 1.156955 0.081516 0.021216 1 0 7070779441059164960
3 2 2040642 26 1.151722 0.083379 0.021277 1 0 7070779441059164960
3 2 1919650 26 1.158902 0.083583 0.020497 1 0 7070779441059164960
3 2 2044591 26 1.158639 0.083249 0.019853 1 0 7070779441059164960
3 2 2038186 26 1.159447 0.079649 0.020359 1 0 7070779441059164960
3 2 2038353 26 1.153798 0.082896 0.022902 1 0 7070779441059164960
3 4 1330020 114 1.530021 0.093082 0.023543 1 0 7070779441059164960
3 4 817270 114 1.514083 0.099081 0.030157 1 0 7070779441059164960
3 4 1948842 114 1.520432 0.113993 0.026504 1 0 7070779441059164960
3 4 1302071 80 1.526085 0.091844 0.023539 1 0 7070779441059164960
3 4 1058759 114 1.521202 0.085043 0.021866 1 0 7070779441059164960
3 4 1088421 114 1.523587 0.094671 0.026504 1 0 7070779441059164960
3 4 1158457 114 1.523294 0.092862 0.027043 1 0 7070779441059164960
3 4 1005950 114 1.538222 0.099552 0.029417 1 0 7070779441059164960
3 4 1540636 114 1.524007 0.107797 0.029959 1 0 7070779441059164960
3 4 1428702 114 1.518774 0.096413 0.027944 1 0 7070779441059164960
3 4 1071692 114 1.520194 0.099854 0.029096 1 0 7070779441059164960
3 4 1553899 86 1.520390 0.098259 0.025816 1 0 7070779441059164960
3 4 1053862 114 1.520002 0.086239 0.023206 1 0 7070779441059164960
3 4 1147142 78 1.521597 0.087646 0.025645 1 0 7070779441059164960
3 4 992277 114 1.526881 0.089684 0.022630 1 0 7070779441059164960
3 4 1283726 114 1.521811 0.100535 0.026136 1 0 7070779441059164960
3 4 1128661 114 1.524020 0.099021 0.025029 1 0 7070779441059164960
3 4 1754028 114 1.521224 0.103019 0.027462 1 0 7070779441059164960
3 4 2060713 114 1.523962 0.111394 0.023511 1 0 7070779441059164960
3 4 660947 114 1.523276 0.092939 0.023636 1 0 7070779441059164960
3 4 725826 114 1.519263 0.100190 0.026802 1 0 7070779441059164960
3 4 728814 114 1.517487 0.092282 0.023140 1 0 7070779441059164960
3 4 1330016 114 1.522307 0.095030 0.027535 1 0 7070779441059164960
3 4 1589089 114 1.524716 0.100685 0.024714 1 0 7070779441059164960
3 4 1540748 114 1.524547 0.109202 0.027344 1 0 7070779441059164960
3 4 1240417 114 1.526711 0.088538 0.022477 1 0 7070779441059164960
3 4 574252 96 1.523884 0.090381 0.020954 1 0 7070779441059164960
3 4 866672 100 1.525427 0.086020 0.022048 1 0 7070779441059164960
3 4 831194 68 1.522411 0.089006 0.027483 1 0 7070779441059164960
3 4 1629090 114 1.527037 0.107041 0.028563 1 0 7070779441059164960
3 4 1266712 82 1.527107 0.099535 0.029946 1 0 7070779441059164960
3 4 1205786 114 1.526005 0.108406 0.026465 1 0 7070779441059164960
3 4 1809634 114 1.526345 0.113175 0.024686 1 0 7070779441059164960
3 4 2052417 114 1.523507 0.108550 0.030365 1 0 7070779441059164960
3 4 1065509 114 1.526967 0.102200 0.029472 1 0 7070779441059164960
3 4 1688074 114 1.525822 0.105157 0.022051 1 0 7070779441059164960
3 4 744543 100 1.527631 0.091897 0.030215 1 0 7070779441059164960
3 4 964825 114 1.522206 0.092254 0.023133 1 0 7070779441059164960
3 4 1661775 98 1.522188 0.111772 0.024464 1 0 7070779441059164960
3 4 1275761 114 1.524309 0.105694 0.026283 1 0 7070779441059164960
3 4 1366887 114 1.522613 0.100524 0.025425 1 0 7070779441059164960
3 4 898161 114 1.525512 0.091014 0.027792 1 0 7070779441059164960
3 4 1772400 114 1.518982 0.105512 0.026065 1 0 7070779441059164960
3 4 1937979 114 1.523884 0.116755 0.031163 1 0 7070779441059164960
3 4 1381363 114 1.530789 0.103309 0.025640 1 0 7070779441059164960
3 4 1808998 114 1.523098 0.105133 0.024868 1 0 7070779441059164960
3 4 1179482 114 1.523463 0.093375 0.024825 1 0 7070779441059164960
3 4 1810390 102 1.525178 0.106592 0.026553 1 0 7070779441059164960
3 4 1492184 114 1.525027 0.106446 0.031129 1 0 7070779441059164960
3 4 1871564 114 1.525734 0.107693 0.028101 1 0 7070779441059164960
3 4 1825955 114 1.519837 0.117359 0.024913 1 0 7070779441059164960
3 4 1921586 114 1.526832 0.122515 0.023667 1 0 7070779441059164960
3 4 1693995 114 1.525978 0.107429 0.023710 1 0 7070779441059164960
3 4 836919 114 1.520536 0.094720 0.025636 1 0 7070779441059164960
3 4 1753423 114 1.523606 0.105592 0.027136 1 0 7070779441059164960
3 4 1716292 114 1.523021 0.105975 0.026887 1 0 7070779441059164960
3 4 807830 110 1.523946 0.093094 0.025524 1 0 7070779441059164960
3 4 1931967 114 1.523502 0.107391 0.027528 1 0 7070779441059164960
3 4 572926 42 1.525481 0.082081 0.024963 1 0 7070779441059164960
3 4 1590768 112 1.527427 0.096525 0.022232 1 0 7070779441059164960
3 4 958139 66 1.525496 0.091564 0.029824 1 0 7070779441059164960
3 4 1089390 72 1.522939 0.094860 0.025913 1 0 7070779441059164960
3 4 1536564 114 1.523352 0.098945 0.021132 1 0 7070779441059164960
3 4 1029143 114 1.525557 0.094581 0.019533 1 0 7070779441059164960
3 4 801175 68 1.524608 0.087787 0.027143 1 0 7070779441059164960
3 4 1404361 82 1.525031 0.118726 0.024971 1 0 7070779441059164960
3 4 961981 114 1.524690 0.093463 0.027052 1 0 7070779441059164960
3 4 759204 114 1.526347 0.093806 0.021757 1 0 7070779441059164960
3 4 1469548 114 1.523128 0.106901 0.024233 1 0 7070779441059164960
3 4 1061724 114 1.523503 0.102603 0.026602 1 0 7070779441059164960
3 4 1547638 114 1.526981 0.105091 0.028178 1 0 7070779441059164960
3 4 1434974 114 1.526939 0.105889 0.027252 1 0 7070779441059164960
3 4 1368520 104 1.526030 0.100561 0.026986 1 0 7070779441059164960
3 4 1030855 114 1.523279 0.104624 0.029598 1 0 7070779441059164960
3 4 683074 114 1.521234 0.083280 0.017386 1 0 7070779441059164960
3 4 1676167 114 1.520437 0.105775 0.026135 1 0 7070779441059164960
3 4 2056201 114 1.519933 0.111814 0.026200 1 0 7070779441059164960
3 4 1085655 90 1.533191 0.114287 0.033490 1 0 7070779441059164960
3 4 2052681 114 1.526495 0.115119 0.028204 1 0 7070779441059164960
3 4 1390758 80 1.529323 0.098284 0.023212 1 0 7070779441059164960
3 4 1740926 102 1.524723 0.107020 0.027005 1 0 7070779441059164960
3 4 800007 114 1.520386 0.089543 0.025590 1 0 7070779441059164960
3 4 1013017 58 1.522457 0.089356 0.025838 1 0 7070779441059164960
3 4 1021313 74 1.523659 0.094518 0.027062 1 0 7070779441059164960
3 4 1954292 114 1.530420 0.128402 0.030278 1 0 7070779441059164960
3 4 1073325 66 1.518945 0.098497 0.029798 1 0 7070779441059164960
3 4 2034735 114 1.523609 0.115532 0.026587 1 0 7070779441059164960
3 4 1550199 114 1.523350 0.112113 0.024902 1 0 7070779441059164960
3 4 1270497 112 1.521995 0.098522 0.026236 1 0 7070779441059164960
3 4 1640672 90 1.524006 0.104609 0.026611 1 0 7070779441059164960
3 4 1033017 114 1.525673 0.098838 0.021704 1 0 7070779441059164960
3 4 1109426 114 1.520982 0.102017 0.023798 1 0 7070779441059164960
3 4 2075148 114 1.524204 0.122271 0.025868 1 0 7070779441059164960
3 4 1294757 114 1.524575 0.113132 0.026163 1 0 7070779441059164960
3 4 1357910 74 1.521560 0.106849 0.029593 1 0 7070779441059164960
3 4 1935140 114 1.522920 0.116657 0.034124 1 0 7070779441059164960
3 4 1680069 108 1.523631 0.104622 0.028221 1 0 7070779441059164960
3 4 1042858 62 1.523119 0.098483 0.028184 1 0 7070779441059164960
3 4 768538 114 1.524759 0.088213 0.028113 1 0 7070779441059164960
3 4 1398348 112 1.521211 0.097918 0.027354 1 0 7070779441059164960
3 6 964300 152 1.780000 0.123550 0.031791 1 0 7070779441059164960
3 6 442534 266 1.761203 0.121251 0.028256 1 0 7070779441059164960
3 6 880953 266 1.759179 0.125957 0.030223 1 0 7070779441059164960
3 6 1418672 262 1.756916 0.129495 0.026547 1 0 7070779441059164960
3 6 698813 266 1.765151 0.107416 0.026221 1 0 7070779441059164960
3 6 1365311 266 1.779379 0.130601 0.025766 1 0 7070779441059164960
3 6 477703 266 1.774004 0.106382 0.028582 1 0 7070779441059164960
3 6 604893 266 1.762358 0.121244 0.027388 1 0 7070779441059164960
3 6 613578 266 1.759212 0.119314 0.032015 1 0 7070779441059164960
3 6 1323890 266 1.767810 0.132341 0.022499 1 0 7070779441059164960
3 6 1068588 266 1.761103 0.128891 0.025923 1 0 7070779441059164960
3 6 1103816 148 1.767353 0.130675 0.027847 1 0 7953758402837946469
3 6 571775 266 1.762048 0.111264 0.027616 1 0 7953758402837946469
3 6 1340379 266 1.772549 0.120269 0.022993 1 0 7953758402837946469
3 6 518185 244 1.775999 0.111115 0.029200 1 0 7953758402837946469
3 6 741043 118 1.773025 0.122489 0.031691 1 0 7953758402837946469
3 6 637239 266 1.768373 0.124254 0.030488 1 0 7953758402837946469
3 6 785853 266 1.760925 0.115546 0.026674 1 0 7953758402837946469
3 6 1295539 266 1.762115 0.123858 0.026189 1 0 7953758402837946469
3 6 463152 76 1.779395 0.097196 0.032329 1 0 7953758402837946469
3 6 748797 112 1.762751 0.113551 0.028854 1 0 7953758402837946469
3 6 568135 266 1.806925 0.137280 0.024385 1 0 7953758402837946469
3 6 199881 266 1.761847 0.107308 0.028323 1 0 7953758402837946469
3 6 1396452 266 1.763453 0.127540 0.023287 1 0 7953758402837946469
3 6 456151 260 1.765255 0.113983 0.031960 1 0 7953758402837946469
3 6 1411459 184 1.756349 0.119363 0.024057 1 0 7953758402837946469
3 6 1036824 156 1.765338 0.114644 0.029951 1 0 7953758402837946469
3 6 309515 62 1.766805 0.094519 0.025192 1 0 7953758402837946469
3 6 1178935 162 1.777554 0.115631 0.023760 1 0 7953758402837946469
3 6 432494 74 1.767328 0.088074 0.025125 1 0 7953758402837946469
3 6 1007130 266 1.764694 0.135724 0.027035 1 0 7953758402837946469
3 6 1183884 154 1.770974 0.128494 0.023136 1 0 7953758402837946469
3 6 1303673 182 1.767787 0.123924 0.029772 1 0 7953758402837946469
3 6 541731 266 1.764316 0.135544 0.027423 1 0 7953758402837946469
3 6 1279010 166 1.757009 0.122834 0.025018 1 0 7953758402837946469
3 6 821799 136 1.766274 0.103371 0.027112 1 0 7953758402837946469
3 6 722004 116 1.763770 0.115832 0.031200 1 0 7953758402837946469
3 6 317965 82 1.765192 0.090497 0.025174 1 0 7953758402837946469
3 6 1131772 266 1.762087 0.142771 0.030971 1 0 7953758402837946469
3 6 510223 82 1.759763 0.099172 0.031300 1 0 7953758402837946469
3 6 655975 118 1.763119 0.097931 0.027324 1 0 7953758402837946469
3 6 470612 266 1.757502 0.115534 0.025984 1 0 7953758402837946469
3 6 369221 266 1.765946 0.113505 0.032179 1 0 7953758402837946469
3 6 444039 266 1.759451 0.103617 0.024396 1 0 7953758402837946469
3 6 407387 244 1.760872 0.113507 0.030034 1 0 7953758402837946469
3 6 573433 238 1.757519 0.108621 0.029624 1 0 7953758402837946469
3 6 1379343 188 1.760534 0.134847 0.024498 1 0 7953758402837946469
3 6 1150943 186 1.757864 0.120591 0.024649 1 0 7953758402837946469
3 6 725266 114 1.767820 0.120795 0.037173 1 0 7953758402837946469
3 6 623282 98 1.774191 0.096101 0.025182 1 0 7953758402837946469
3 6 473085 250 1.768861 0.120739 0.036877 1 0 7953758402837946469
3 6 1258495 172 1.758879 0.142316 0.031704 1 0 7953758402837946469
3 6 969372 248 1.762430 0.127563 0.028576 1 0 7953758402837946469
3 6 340271 256 1.778490 0.097965 0.022272 1 0 7953758402837946469
3 6 1062738 164 1.776104 0.124604 0.030221 1 0 7953758402837946469
3 6 746035 116 1.761881 0.106806 0.027959 1 0 7953758402837946469
3 6 1191851 244 1.760531 0.116487 0.027017 1 0 7953758402837946469
3 6 340010 90 1.764935 0.095232 0.032543 1 0 7953758402837946469
3 6 1278773 266 1.759387 0.126960 0.026410 1 0 7953758402837946469
3 6 523180 78 1.758756 0.096480 0.024796 1 0 7953758402837946469
3 6 341212 266 1.770567 0.098378 0.022263 1 0 7953758402837946469
3 6 1227086 180 1.767933 0.115994 0.025017 1 0 7953758402837946469
3 6 738750 246 1.764637 0.125199 0.025308 1 0 7953758402837946469
3 6 1329313 180 1.767812 0.130771 0.032364 1 0 7953758402837946469
3 6 1070981 152 1.763756 0.130271 0.025300 1 0 7953758402837946469
3 6 317852 266 1.762469 0.119386 0.025074 1 0 7953758402837946469
3 6 917076 148 1.764890 0.119491 0.025665 1 0 7953758402837946469
3 6 1362217 266 1.764666 0.147039 0.031072 1 0 7953758402837946469
3 6 422375 74 1.775324 0.096127 0.030609 1 0 7953758402837946469
3 6 460593 266 1.759540 0.113284 0.028202 1 0 7953758402837946469
3 6 424174 80 1.762393 0.114217 0.029619 1 0 7953758402837946469
3 6 1114708 266 1.764912 0.116692 0.024208 1 0 7953758402837946469
3 6 670670 266 1.763577 0.132363 0.024346 1 0 7953758402837946469
3 6 486803 266 1.762344 0.112159 0.023876 1 0 7953758402837946469
3 6 1351172 192 1.780047 0.144491 0.025414 1 0 7953758402837946469
3 6 455277 266 1.771329 0.130118 0.029412 1 0 7953758402837946469
3 6 1093662 266 1.764911 0.121761 0.025889 1 0 7953758402837946469
3 6 1001996 148 1.762989 0.113898 0.025610 1 0 7953758402837946469
3 6 1343457 266 1.766730 0.140160 0.031937 1 0 7953758402837946469
3 6 533988 266 1.762021 0.103231 0.027761 1 0 7953758402837946469
3 6 1723784 244 1.761647 0.135655 0.033555 1 0 7953758402837946469
3 6 264608 266 1.768616 0.091335 0.020158 1 0 7953758402837946469
3 6 308051 266 1.769347 0.101118 0.029093 1 0 7953758402837946469
3 6 1236530 266 1.776692 0.130175 0.029144 1 0 7953758402837946469
3 6 433365 266 1.760883 0.106277 0.027313 1 0 7953758402837946469
3 6 737527 266 1.764927 0.123319 0.023719 1 0 7953758402837946469
3 6 995476 264 1.758880 0.118164 0.029910 1 0 7953758402837946469
3 6 558664 266 1.763778 0.138547 0.024049 1 0 7953758402837946469
3 6 595330 266 1.763847 0.137981 0.026965 1 0 7953758402837946469
3 6 215332 266 1.757902 0.094615 0.019146 1 0 7953758402837946469
3 6 454167 266 1.759487 0.114455 0.036039 1 0 7953758402837946469
3 6 1540777 266 1.766530 0.156592 0.027175 1 0 7953758402837946469
3 6 531841 266 1.758636 0.105506 0.026986 1 0 7953758402837946469
3 6 1264785 266 1.764121 0.142638 0.028148 1 0 7953758402837946469
3 6 680565 266 1.759161 0.109597 0.024146 1 0 7953758402837946469
3 6 503416 266 1.776167 0.107131 0.029491 1 0 7953758402837946469
3 6 957518 266 1.767798 0.138008 0.025493 1 0 7953758402837946469
3 6 870992 266 1.773774 0.122913 0.027717 1 0 7953758402837946469
3 6 332419 266 1.759795 0.118753 0.026132 1 0 7953758402837946469
3 6 558025 92 1.774391 0.099892 0.026706 1 0 7953758402837946469
