Str Size|Edit Diff|Comm (bits)|Time Set(s)|Time Str(s)|Str Recon True
100000 0.000100 7565 0.008667 0.422431 1
100000 0.000500 9212 0.009768 0.514549 1
100000 0.001000 18443 0.014186 0.587613 1
100000 0.005000 26294 0.011938 0.401158 1
100000 0.010000 16104 0.012370 0.481262 1
100000 0.050000 44941 0.012945 0.389339 1
400000 0.000100 25392 0.014179 1.219505 1
400000 0.000500 25439 0.014155 1.158618 1
400000 0.001000 17454 0.015534 1.346360 1
400000 0.005000 27004 0.014153 1.207695 1
400000 0.010000 48576 0.021157 1.370549 1
400000 0.050000 130837 0.029580 1.121162 1
800000 0.000100 28906 0.018813 1.993501 1
800000 0.000500 30010 0.020067 1.932331 1
800000 0.001000 29178 0.019327 2.114543 1
800000 0.005000 64696 0.020156 1.972871 1
800000 0.010000 50406 0.018440 1.897270 1
800000 0.050000 173213 0.034619 1.999467 1
1200000 0.000100 34588 0.023558 2.549913 1
1200000 0.000500 75426 0.032114 2.607744 1
1200000 0.001000 67921 0.030049 2.553524 1
1200000 0.005000 38922 0.020191 2.543624 1
1200000 0.010000 103612 0.032048 2.589403 1
1200000 0.050000 632592 0.087341 2.579937 1
1600000 0.000100 48072 0.025254 3.145249 1
1600000 0.000500 42482 0.028736 3.191405 1
1600000 0.001000 58308 0.026235 3.244449 1
1600000 0.005000 202532 0.034945 3.109521 1
1600000 0.010000 130186 0.029915 3.257234 1
1600000 0.050000 159714 0.032794 3.141433 1
2000000 0.000100 21806 0.024249 3.746632 1
2000000 0.000500 46770 0.034170 3.693231 1
2000000 0.001000 50763 0.030653 3.646473 1
2000000 0.005000 159724 0.036507 3.577762 1
2000000 0.010000 404992 0.047103 3.615107 1
2000000 0.050000 419429 0.047623 3.567129 1
