Str Size|Edit Diff|Comm (bits)|Time Set(s)|Time Str(s)|Str Recon True
100000 0.000100 6976 0.023141 4.182928 1
100000 0.000500 12442 0.027373 4.049579 1
100000 0.001000 8757 0.022618 4.004796 1
100000 0.005000 15814 0.033022 4.624579 1
100000 0.010000 14976 0.027772 3.948587 1
100000 0.050000 67317 0.074517 4.734865 1
400000 0.000100 7457 0.032800 13.358213 1
400000 0.000500 8651 0.039951 12.201373 1
400000 0.001000 13467 0.046881 12.944728 1
400000 0.005000 31905 0.061993 12.601110 1
400000 0.010000 38076 0.068178 13.773471 1
400000 0.050000 159444 0.273274 11.993472 1
