Sting Size|Edit Dist |Total Comm (bytes)|Literal comm|Partition Sym Diff|Total Num Partitions|Time Tree(s)|Time Recon(s)|Time Backtrack (included in Time Recon) (s)|Set Recon Success|Str Recon Success|Tree Heap SIze|High Water Heap|Rsync Comm
20000000 1000 57752 47455.000000 133.000000 22801.000000 145.556005 3.877504 0.345770 1 1 0 7008199590141318268 68235
20000000 1000 31295 20614.000000 145.000000 28157.000000 148.307275 4.727151 0.366302 1 1 0 7008199590141318268 76925
20000000 1000 55281 43472.000000 181.000000 23631.000000 148.346333 4.082288 0.418541 1 1 0 7008199590141318268 85969
20000000 1000 51036 39683.000000 166.000000 25090.000000 147.763232 4.322337 0.424707 1 1 0 7008199590141318268 94701
20000000 1000 59587 49258.000000 135.000000 24633.000000 147.868473 4.160713 0.350894 1 1 0 7008199590141318268 75203
20000000 1000 49266 38145.000000 160.000000 28488.000000 149.618984 4.777865 0.374169 1 1 0 7008199590141318268 76593
20000000 1000 39915 33679.000000 98.000000 29318.000000 147.220377 4.886598 0.340517 1 1 0 7008199590141318268 66235
20000000 1000 31949 21612.000000 134.000000 22516.000000 147.631201 3.844658 0.361974 1 1 0 7008199590141318268 79813
20000000 1000 23556 17080.000000 105.000000 28229.000000 147.241109 4.697922 0.325345 1 1 0 7008199590141318268 71565
20000000 1000 77055 64206.000000 218.000000 26512.000000 146.884039 4.559000 0.434161 1 1 0 7008199590141318268 94593
20000000 1000 46413 35980.000000 139.000000 26555.000000 147.287214 4.507440 0.368993 1 1 0 7008199590141318268 68151
20000000 1000 64431 53054.000000 168.000000 19752.000000 148.810973 3.497158 0.433623 1 1 0 7008199590141318268 90295
20000000 1000 182471 162089.000000 270.000000 24412.000000 147.682825 4.232475 0.433559 1 1 0 7008199590141318268 76075
20000000 1000 29858 23126.000000 114.000000 23046.000000 148.215431 3.930251 0.366091 1 1 0 7008199590141318268 76893
20000000 1000 36321 25480.000000 151.000000 24293.000000 147.216133 4.137668 0.376193 1 1 0 7008199590141318268 84611
20000000 1000 24757 0.000000 0.000000 25312.000000 147.159869 4.008169 0.083560 0 0 0 0 84129
20000000 1000 64327 52862.000000 172.000000 25190.000000 149.674358 4.299308 0.381294 1 1 0 7008199590141318268 81533
20000000 1000 77649 65544.000000 194.000000 21832.000000 146.025195 3.787334 0.403255 1 1 0 7008199590141318268 85215
