Sting Size|Edit Dist |Total Comm (bytes)|Literal comm|Partition Sym Diff|Total Num Partitions|Time Tree(s)|Time Recon(s)|Time Backtrack (included in Time Recon) (s)|Set Recon Success|Str Recon Success|Tree Heap SIze|High Water Heap|Rsync Comm
20000000 5 4337 2684.000000 24.000000 26700.000000 102.753665 4.323422 0.191391 1 1 0 7008199590141318268 49352
20000000 5 15241 9669.000000 76.000000 27938.000000 103.500307 4.634647 0.279931 1 1 0 7008199590141318268 62760
20000000 5 12097 6357.000000 82.000000 31378.000000 106.732599 5.218325 0.292549 1 1 0 7008199590141318268 62762
20000000 5 8441 4874.000000 62.000000 26356.000000 104.928590 4.368156 0.250565 1 1 0 7008199590141318268 58298
20000000 5 9727 6888.000000 36.000000 24692.000000 103.722629 4.060085 0.225373 1 1 0 7008199590141318268 53816
20000000 5 5865 2834.000000 44.000000 28708.000000 103.571407 4.688761 0.231890 1 1 0 7008199590141318268 53824
20000000 5 5074 1899.000000 50.000000 30838.000000 107.714211 5.024842 0.233262 1 1 0 7008199590141318268 53818
20000000 5 16716 11169.000000 76.000000 27112.000000 105.615776 4.498288 0.288755 1 1 0 7008199590141318268 62758
20000000 5 5399 3893.000000 18.000000 25520.000000 105.539149 4.224403 0.212318 1 1 0 7008199590141318268 49342
20000000 5 7558 4623.000000 40.000000 26404.000000 104.387935 4.353264 0.252589 1 1 0 7008199590141318268 53814
20000000 5 9306 5715.000000 62.000000 28910.000000 102.880396 4.762485 0.267043 1 1 0 7008199590141318268 58288
20000000 5 2897 1247.000000 24.000000 30262.000000 105.286512 4.902601 0.205294 1 1 0 7008199590141318268 49352
20000000 5 10433 7083.000000 54.000000 24680.000000 104.311986 4.103007 0.240728 1 1 0 7008199590141318268 58288
20000000 5 6102 3023.000000 46.000000 26850.000000 105.380354 4.432818 0.257716 1 1 0 7008199590141318268 53824
20000000 5 5459 2500.000000 42.000000 30612.000000 105.037042 5.005646 0.229030 1 1 0 7008199590141318268 53814
20000000 5 12235 6639.000000 78.000000 31330.000000 105.170308 5.157462 0.287814 1 1 0 7008199590141318268 62762
20000000 5 13678 10015.000000 64.000000 30946.000000 106.906736 5.063267 0.264201 1 1 0 7008199590141318268 58286
20000000 5 6957 3926.000000 44.000000 28054.000000 102.766950 4.640538 0.256224 1 1 0 7008199590141318268 53814
20000000 5 5610 3960.000000 24.000000 27446.000000 104.778788 4.545904 0.226583 1 1 0 7008199590141318268 49342
20000000 5 8225 4655.000000 62.000000 26152.000000 103.685269 4.330942 0.249301 1 1 0 7008199590141318268 58286
20000000 5 11015 7520.000000 58.000000 31416.000000 104.989420 5.169319 0.278971 1 1 0 7008199590141318268 58288
20000000 5 8267 6417.000000 30.000000 30634.000000 105.539866 4.969196 0.225486 1 1 0 7008199590141318268 53822
20000000 5 8825 5282.000000 60.000000 28680.000000 103.422406 4.731148 0.285045 1 1 0 7008199590141318268 58288
20000000 5 12085 6537.000000 76.000000 25378.000000 104.447181 4.241740 0.288746 1 1 0 7008199590141318268 62766
20000000 5 4237 2635.000000 22.000000 30708.000000 103.751389 4.983675 0.215518 1 1 0 7008199590141318268 49352
20000000 5 13832 10649.000000 48.000000 26576.000000 106.367825 4.396057 0.258117 1 1 0 7008199590141318268 58296
20000000 5 12123 6743.000000 70.000000 27150.000000 104.030087 4.535451 0.292583 1 1 0 7008199590141318268 62764
20000000 5 11181 5465.000000 82.000000 28224.000000 103.250336 4.700720 0.307220 1 1 0 7008199590141318268 62760
20000000 5 9435 5892.000000 60.000000 27510.000000 104.067805 4.535777 0.277458 1 1 0 7008199590141318268 58296
20000000 5 4295 2693.000000 22.000000 29662.000000 103.009610 4.800809 0.221979 1 1 0 7008199590141318268 49352
20000000 5 8212 5182.000000 44.000000 22418.000000 105.890387 3.782380 0.281447 1 1 0 7008199590141318268 53816
20000000 5 5794 2715.000000 46.000000 30150.000000 104.440375 4.955783 0.266401 1 1 0 7008199590141318268 53816
20000000 5 6650 3619.000000 44.000000 26504.000000 102.998096 4.413849 0.262819 1 1 0 7008199590141318268 53824
20000000 5 5884 2853.000000 44.000000 32210.000000 104.814278 5.247891 0.263358 1 1 0 7008199590141318268 53814
20000000 5 22457 17221.000000 66.000000 31802.000000 103.735350 5.209145 0.274656 1 1 0 7008199590141318268 58292
20000000 5 9819 6324.000000 60.000000 25754.000000 106.028681 4.254064 0.259548 1 1 0 7008199590141318268 58292
20000000 5 8891 5908.000000 42.000000 27656.000000 105.842567 4.576226 0.266038 1 1 0 7008199590141318268 53818
20000000 5 7104 4121.000000 42.000000 25804.000000 105.123063 4.265500 0.266449 1 1 0 7008199590141318268 53814
20000000 5 10725 7158.000000 62.000000 24722.000000 104.313547 4.129547 0.284975 1 1 0 7008199590141318268 58294
20000000 5 11332 8149.000000 48.000000 25536.000000 103.945291 4.221916 0.256079 1 1 0 7008199590141318268 58286
20000000 5 15100 9453.000000 80.000000 23796.000000 105.722185 4.043613 0.310665 1 1 0 7008199590141318268 62764
20000000 5 9076 7314.000000 28.000000 26572.000000 104.869275 4.343946 0.224943 1 1 0 7008199590141318268 49352
20000000 5 10379 6812.000000 62.000000 27814.000000 104.636576 4.637773 0.265444 1 1 0 7008199590141318268 58290
20000000 5 24757 0.000000 0.000000 27078.000000 104.250543 4.273455 0.071423 0 0 0 0 53824
