Sting Size|Edit Dist %|Total Comm (bytes)|Literal comm|Partition Sym Diff|Total Num Partitions|Time Tree(s)|Time Recon(s)|Time Backtrack (included in Time Recon) (s)|Set Recon Success|Str Recon Success|Tree Heap SIze|High Water Heap|Rsync Comm
100000 0.000010 11850 878.000000 16.000000 570.000000 0.363956 0.250476 0.001440 1 1 183608 2338319423303544417 0
100000 0.000010 10359 335.000000 16.000000 802.000000 0.382720 0.294775 0.001773 1 1 210936 2338319423303544417 0
100000 0.000010 10257 797.000000 16.000000 512.000000 0.389540 0.225009 0.001369 1 1 169800 46084 0
100000 0.000010 10133 293.000000 16.000000 732.000000 0.393374 0.285920 0.001167 1 1 202152 46084 0
100000 0.000010 10819 375.000000 18.000000 570.000000 0.386017 0.248406 0.001470 1 1 181368 46084 0
100000 0.000010 10811 403.000000 16.000000 892.000000 0.393238 0.329601 0.001007 1 1 222824 46084 0
100000 0.000010 9727 315.000000 14.000000 1028.000000 0.398191 0.351739 0.001754 1 1 248104 46084 0
100000 0.000010 11200 792.000000 16.000000 412.000000 0.348021 0.208777 0.001293 1 1 157160 46084 0
100000 0.000010 10510 58.000000 18.000000 1084.000000 0.395701 0.376266 0.001427 1 1 255144 46084 0
100000 0.000010 11336 300.000000 19.000000 815.000000 0.388230 0.311614 0.000992 1 1 213064 46084 0
100000 0.000010 10570 726.000000 16.000000 732.000000 0.383438 0.278668 0.001290 1 1 202152 46084 0
100000 0.000010 10463 440.000000 16.000000 822.000000 0.385998 0.294465 0.001357 1 1 213464 46084 0
100000 0.000010 10900 448.000000 18.000000 512.000000 0.361992 0.231964 0.001480 1 1 169800 46084 0
100000 0.000010 11035 623.000000 16.000000 512.000000 0.365977 0.234837 0.001372 1 1 169800 46084 0
100000 0.000010 10975 531.000000 18.000000 1084.000000 0.462213 0.373182 0.001163 1 1 255144 46084 0
100000 0.000010 10691 755.000000 12.000000 1084.000000 0.400423 0.374994 0.001474 1 1 255144 46084 0
100000 0.000010 10190 350.000000 16.000000 890.000000 0.391374 0.320306 0.001735 1 1 222520 46084 0
100000 0.000010 11844 668.000000 23.000000 1035.000000 0.403333 0.398021 0.001857 1 1 248824 46084 0
100000 0.000010 11017 649.000000 14.000000 810.000000 0.407824 0.306596 0.001323 1 1 212088 46084 0
100000 0.000010 11527 1079.000000 18.000000 876.000000 0.396230 0.327364 0.001811 1 1 220648 46084 0
100000 0.000010 11721 401.000000 14.000000 878.000000 0.406585 0.332458 0.001729 1 1 220760 46084 0
100000 0.000010 10649 249.000000 16.000000 512.000000 0.365425 0.232047 0.001259 1 1 169800 46084 0
100000 0.000010 10071 659.000000 14.000000 598.000000 0.384687 0.246098 0.001449 1 1 184984 46084 0
100000 0.000010 9611 199.000000 14.000000 830.000000 0.395788 0.306086 0.001963 1 1 214680 46084 0
100000 0.000010 10536 740.000000 14.000000 570.000000 0.383553 0.241512 0.001800 1 1 181368 46084 0
100000 0.000010 10021 181.000000 16.000000 1028.000000 0.397904 0.353604 0.001762 1 1 248104 46084 0
100000 0.000010 11012 608.000000 16.000000 930.000000 0.407051 0.337805 0.001750 1 1 227448 46084 0
100000 0.000010 11180 213.000000 16.000000 822.000000 0.389972 0.310826 0.001588 1 1 213464 46084 0
100000 0.000010 9943 531.000000 14.000000 816.000000 0.403736 0.299460 0.001851 1 1 213064 46084 0
100000 0.000010 11352 904.000000 18.000000 876.000000 0.406866 0.324434 0.001639 1 1 220648 46084 0
100000 0.000010 11206 226.000000 16.000000 1044.000000 0.413102 0.368212 0.002102 1 1 250152 46084 0
100000 0.000010 10526 122.000000 16.000000 1056.000000 0.410087 0.381246 0.003164 1 1 251640 46084 0
100000 0.000010 10537 137.000000 16.000000 512.000000 0.377968 0.232162 0.001317 1 1 169800 46084 0
100000 0.000010 10811 403.000000 16.000000 1034.000000 0.414062 0.365442 0.001522 1 1 248824 46084 0
100000 0.000010 10004 208.000000 14.000000 892.000000 0.400310 0.322745 0.001964 1 1 222824 46084 0
100000 0.000010 10858 450.000000 16.000000 930.000000 0.412852 0.334985 0.001669 1 1 227448 46084 0
100000 0.000010 10910 502.000000 16.000000 1044.000000 0.405197 0.370067 0.001190 1 1 250152 46084 0
100000 0.000010 11207 187.000000 18.000000 958.000000 0.426192 0.365698 0.001747 1 1 231064 46084 0
100000 0.000010 9716 256.000000 16.000000 1034.000000 0.423838 0.358042 0.001794 1 1 248824 46084 0
100000 0.000010 9905 493.000000 14.000000 732.000000 0.393342 0.277970 0.001602 1 1 202152 46084 0
100000 0.000010 10263 291.000000 14.000000 876.000000 0.401236 0.353715 0.002722 1 1 220648 46084 0
100000 0.000010 10114 271.000000 16.000000 822.000000 0.410460 0.306756 0.001494 1 1 213464 46084 0
100000 0.000010 10289 449.000000 16.000000 816.000000 0.407131 0.302419 0.001587 1 1 213064 46084 0
100000 0.000010 10403 355.000000 17.000000 875.000000 0.403965 0.319965 0.001746 1 1 220648 46084 0
100000 0.000010 11577 557.000000 18.000000 1056.000000 0.425536 0.380039 0.001921 1 1 251640 46084 0
100000 0.000010 11107 99.000000 18.000000 878.000000 0.424498 0.336449 0.002680 1 1 220760 46084 0
100000 0.000010 10651 195.000000 18.000000 890.000000 0.403165 0.327908 0.001430 1 1 222520 46084 0
100000 0.000010 10691 331.000000 14.000000 814.000000 0.423124 0.321704 0.001835 1 1 212632 46084 0
100000 0.000010 11330 874.000000 18.000000 770.000000 0.444193 0.306065 0.001684 1 1 207032 46084 0
