Sting Size|Edit Dist |Total Comm (bytes)|Literal comm|Partition Sym Diff|Total Num Partitions|Time Tree(s)|Time Recon(s)|Time Backtrack (included in Time Recon) (s)|Set Recon Success|Str Recon Success|Tree Heap SIze|High Water Heap|Rsync Comm
100000 10 84974 75489.000000 81.000000 97.000000 0.082096 0.487125 0.003666 1 1 0 7008199590141318268 1582
100000 10 3893 843.000000 29.000000 837.000000 0.517306 2.899212 0.003876 1 1 0 7008199590141318268 2970
100000 10 5396 1750.000000 36.000000 622.000000 0.521916 2.041710 0.004850 1 1 0 7008199590141318268 4372
100000 10 4189 1131.000000 28.000000 890.000000 0.526239 2.921814 0.003726 1 1 0 7008199590141318268 3666
100000 10 1928 315.000000 13.000000 855.000000 0.520821 2.820978 0.003463 1 1 0 7008199590141318268 2264
100000 10 4137 2239.000000 16.000000 382.000000 0.514422 1.262101 0.004202 1 1 0 7008199590141318268 2964
100000 10 6603 3614.000000 30.000000 676.000000 0.534020 2.209890 0.004344 1 1 0 7008199590141318268 3676
100000 50 7748 2456.000000 52.000000 862.000000 0.509445 2.850539 0.006239 1 1 0 7008199590141318268 3660
100000 50 9052 3754.000000 52.000000 682.000000 0.520708 2.264214 0.004916 1 1 0 7008199590141318268 5080
100000 50 6715 3037.000000 36.000000 468.000000 0.535944 1.675522 0.002842 1 1 0 7008199590141318268 4324
100000 50 11180 4422.000000 69.000000 757.000000 0.586496 2.561759 0.006311 1 1 0 7008199590141318268 7220
100000 50 5215 2483.000000 24.000000 812.000000 0.541656 2.721222 0.006023 1 1 0 7008199590141318268 3704
100000 50 4602 1581.000000 28.000000 796.000000 0.547415 2.673183 0.005242 1 1 0 7008199590141318268 3674
100000 50 6496 2984.000000 36.000000 674.000000 0.531649 2.314292 0.004422 1 1 0 7008199590141318268 3708
100000 100 4676 1667.000000 29.000000 823.000000 0.547331 2.782260 0.004310 1 1 0 7008199590141318268 2874
100000 100 8831 3888.000000 45.000000 665.000000 0.541049 2.199603 0.007160 1 1 0 7008199590141318268 5698
100000 100 9976 4469.000000 58.000000 558.000000 0.564423 1.778850 0.005245 1 1 0 7008199590141318268 6528
100000 100 10165 4610.000000 61.000000 807.000000 0.521293 2.757954 0.005420 1 1 0 7008199590141318268 4448
100000 100 9560 4181.000000 57.000000 939.000000 0.551286 3.168296 0.004393 1 1 0 7008199590141318268 4446
100000 100 4964 1928.000000 29.000000 449.000000 0.525680 1.498070 0.005729 1 1 0 7008199590141318268 3748
100000 100 16424 11045.000000 55.000000 409.000000 0.544467 1.363488 0.005611 1 1 0 7008199590141318268 5694
100000 500 10001 3505.000000 68.000000 702.000000 0.532981 2.331166 0.005887 1 1 0 7008199590141318268 8350
100000 500 11965 5125.000000 81.000000 793.000000 0.494661 2.634665 0.007025 1 1 0 7008199590141318268 5592
100000 500 20342 12776.000000 101.000000 623.000000 0.533982 2.071652 0.005671 1 1 0 7008199590141318268 7216
100000 500 24820 12293.000000 147.000000 947.000000 0.559444 3.116494 0.008078 1 1 0 4836943305453880129 6968
100000 500 20212 13359.000000 81.000000 735.000000 0.518075 2.471161 0.007019 1 1 0 4836943305453880129 4246
100000 500 16109 5907.000000 103.000000 1293.000000 0.540268 4.403568 0.007643 1 1 0 4836943305453880129 7540
100000 500 94896 84971.000000 90.000000 106.000000 0.087928 0.549843 0.004206 1 1 0 4836943305453880129 2004
100000 1000 21100 10738.000000 120.000000 982.000000 0.546342 3.256584 0.007857 1 1 0 4836943305453880129 6388
100000 1000 10538 4887.000000 58.000000 786.000000 0.532912 2.651626 0.005456 1 1 0 4836943305453880129 5630
100000 1000 32737 20413.000000 135.000000 621.000000 0.541376 2.109592 0.006502 1 1 0 4836943305453880129 6698
100000 1000 68385 42477.000000 318.000000 748.000000 0.536409 2.502781 0.011876 1 1 0 4836943305453880129 6174
100000 1000 19721 9558.000000 103.000000 635.000000 0.550437 2.182842 0.006505 1 1 0 4836943305453880129 7986
100000 1000 13780 7143.000000 76.000000 780.000000 0.536324 2.622300 0.005842 1 1 0 4836943305453880129 4662
100000 1000 17692 11128.000000 66.000000 434.000000 0.527759 1.504472 0.008979 1 1 0 4836943305453880129 5816
500000 10 8481 2824.000000 48.000000 2426.000000 2.947666 8.077703 0.017029 1 1 0 4836943305453880129 10060
500000 10 7294 2186.000000 40.000000 2016.000000 2.886460 6.719480 0.016639 1 1 0 4836943305453880129 10068
500000 10 1908 246.000000 14.000000 2364.000000 3.033459 7.791988 0.010605 1 1 0 4836943305453880129 7948
500000 10 8262 4463.000000 38.000000 1718.000000 2.797098 5.701970 0.017014 1 1 0 4836943305453880129 10774
500000 10 296728 289902.000000 72.000000 146.000000 0.433831 0.699138 0.006564 1 1 0 4836943305453880129 7414
500000 10 15717 10005.000000 57.000000 1873.000000 2.825115 6.205499 0.015585 1 1 0 4836943305453880129 10078
500000 10 9796 4328.000000 54.000000 2266.000000 2.858642 7.474250 0.016037 1 1 0 4836943305453880129 10780
500000 50 3409 1638.000000 14.000000 2082.000000 2.620395 6.652988 0.010310 1 1 0 4836943305453880129 8008
500000 50 12043 8341.000000 39.000000 1763.000000 2.495653 5.669489 0.013971 1 1 0 4836943305453880129 8612
500000 50 11547 5951.000000 56.000000 2022.000000 2.540648 6.721633 0.018793 1 1 0 4836943305453880129 11478
500000 50 10600 4982.000000 58.000000 1954.000000 2.964576 6.548986 0.017796 1 1 0 4836943305453880129 11486
500000 50 417037 404165.000000 112.000000 112.000000 0.446493 0.589284 0.008173 1 1 0 4836943305453880129 7414
500000 50 6515 2788.000000 36.000000 2646.000000 2.944852 8.813914 0.012580 1 1 0 4836943305453880129 10056
500000 50 9934 4706.000000 46.000000 1850.000000 2.880370 6.119966 0.016803 1 1 0 4836943305453880129 10754
500000 100 13157 5959.000000 72.000000 1928.000000 2.859652 6.556690 0.020995 1 1 0 4836943305453880129 12858
500000 100 5583 2317.000000 28.000000 2130.000000 2.926101 7.056035 0.016499 1 1 0 4836943305453880129 9298
500000 100 11391 6291.000000 46.000000 1510.000000 2.857708 5.018096 0.018296 1 1 0 4836943305453880129 11522
500000 100 8780 5021.000000 38.000000 1978.000000 2.857246 6.515906 0.016620 1 1 0 4836943305453880129 9368
500000 100 16243 9437.000000 70.000000 1674.000000 2.849744 5.579417 0.019902 1 1 0 4836943305453880129 13628
500000 100 9391 3934.000000 48.000000 1996.000000 2.774104 6.613078 0.013670 1 1 0 4836943305453880129 10874
500000 100 13520 6283.000000 77.000000 2337.000000 2.983662 7.581639 0.019020 1 1 0 4836943305453880129 12130
500000 500 15584 9913.000000 54.000000 1660.000000 2.489491 5.481668 0.017213 1 1 0 4836943305453880129 10586
500000 500 38384 25555.000000 129.000000 1613.000000 2.834047 5.343692 0.021515 1 1 0 4836943305453880129 15704
500000 500 26295 15471.000000 106.000000 1702.000000 2.848927 5.602385 0.021112 1 1 0 4836943305453880129 12068
500000 500 28757 17341.000000 119.000000 1577.000000 2.971351 5.227215 0.022315 1 1 0 4836943305453880129 16050
500000 500 33756 25911.000000 106.000000 1692.000000 2.912429 5.720144 0.021008 1 1 0 4836943305453880129 12560
500000 500 22670 17107.000000 60.000000 1350.000000 2.978577 4.486045 0.017757 1 1 0 4836943305453880129 11796
500000 500 116216 88332.000000 408.000000 2096.000000 2.919396 7.117058 0.027868 1 1 0 4836943305453880129 12124
500000 1000 173117 126007.000000 629.000000 2495.000000 2.913758 8.488230 0.046495 1 1 0 4836943305453880129 13980
500000 1000 14249 7051.000000 76.000000 2502.000000 3.005009 8.323694 0.017548 1 1 0 4836943305453880129 11622
500000 1000 28533 17658.000000 121.000000 1831.000000 2.840978 6.062951 0.023619 1 1 0 4836943305453880129 13670
500000 1000 31624 18756.000000 134.000000 2188.000000 2.931904 7.193757 0.023784 1 1 0 4836943305453880129 14528
500000 1000 35506 25495.000000 106.000000 1736.000000 2.847294 5.696204 0.020393 1 1 0 4836943305453880129 12334
500000 1000 40030 29836.000000 111.000000 1785.000000 2.866678 5.945979 0.019577 1 1 0 4836943305453880129 12990
500000 1000 23217 15955.000000 80.000000 1718.000000 2.830266 5.708007 0.019093 1 1 0 4836943305453880129 14100
1000000 10 5393 2407.000000 26.000000 3124.000000 5.729009 10.249001 0.020035 1 1 0 4836943305453880129 12144
1000000 10 5252 2170.000000 26.000000 3974.000000 5.839180 13.151843 0.020124 1 1 0 4836943305453880129 12220
1000000 10 9603 4311.000000 48.000000 3992.000000 6.044139 12.544907 0.022700 1 1 0 4836943305453880129 15152
1000000 10 8009 4663.000000 32.000000 3534.000000 5.629899 11.162780 0.021430 1 1 0 4836943305453880129 13144
1000000 10 7513 4412.000000 32.000000 2370.000000 5.182612 7.764789 0.022759 1 1 0 4836943305453880129 13212
1000000 10 7878 4156.000000 42.000000 3364.000000 5.978714 11.272776 0.023628 1 1 0 4836943305453880129 14152
1000000 10 14487 10912.000000 34.000000 2380.000000 5.772317 7.877573 0.022959 1 1 0 4836943305453880129 13212
1000000 50 1005222 1000014.000000 62.000000 62.000000 0.862357 0.411490 0.001182 1 0 0 4836943305453880129 10150
1000000 50 15246 8152.000000 72.000000 3094.000000 5.813885 10.228139 0.029154 1 1 0 4836943305453880129 17198
1000000 50 10906 5033.000000 52.000000 3348.000000 5.694952 11.005808 0.027287 1 1 0 4836943305453880129 15244
1000000 50 13976 7799.000000 62.000000 3610.000000 5.695944 11.930231 0.024373 1 1 0 4836943305453880129 17146
1000000 50 8029 4732.000000 32.000000 2378.000000 5.688792 7.920986 0.018584 1 1 0 4836943305453880129 13246
1000000 50 12611 6626.000000 62.000000 2738.000000 5.754947 9.079685 0.028632 1 1 0 4836943305453880129 15260
1000000 50 10695 5267.000000 52.000000 3414.000000 5.803105 11.371657 0.026197 1 1 0 4836943305453880129 16162
1000000 100 16196 12394.000000 53.000000 3383.000000 5.955789 11.216678 0.021018 1 1 0 4836943305453880129 13284
1000000 100 24973 19028.000000 62.000000 2432.000000 5.816884 8.081361 0.030143 1 1 0 4836943305453880129 16054
1000000 100 16671 9930.000000 66.000000 3196.000000 5.815126 10.591933 0.024708 1 1 0 4836943305453880129 15282
1000000 100 12564 7064.000000 59.000000 3175.000000 5.747487 10.494615 0.020796 1 1 0 4836943305453880129 14290
1000000 100 12494 7010.000000 54.000000 3590.000000 5.835286 11.929837 0.026693 1 1 0 4836943305453880129 15062
1000000 100 255131 205645.000000 725.000000 3845.000000 5.828546 13.070606 0.065874 1 1 0 4836943305453880129 13122
1000000 100 19711 10020.000000 85.000000 3455.000000 6.022621 11.368729 0.033284 1 1 0 4836943305453880129 19224
1000000 500 346351 291996.000000 750.000000 2856.000000 5.755491 9.524261 0.080528 1 1 0 4836943305453880129 19848
1000000 500 24024 16770.000000 86.000000 3042.000000 5.765693 9.990141 0.030617 1 1 0 4836943305453880129 15558
1000000 500 15520 9727.000000 56.000000 2862.000000 6.023993 9.572204 0.027534 1 1 0 4836943305453880129 15954
1000000 500 16922 9741.000000 77.000000 3495.000000 6.048853 11.648389 0.028360 1 1 0 4836943305453880129 16854
1000000 500 32715 22169.000000 118.000000 3360.000000 6.077113 11.253831 0.036278 1 1 0 4836943305453880129 16824
1000000 500 739539 729670.000000 101.000000 101.000000 0.877998 0.564141 0.015361 1 1 0 4836943305453880129 10292
1000000 500 26488 19307.000000 74.000000 2086.000000 5.575810 6.723930 0.025698 1 1 0 4836943305453880129 17178
1000000 1000 18180 10936.000000 72.000000 2646.000000 4.942744 8.896613 0.033503 1 1 0 4836943305453880129 18952
1000000 1000 49832 36283.000000 158.000000 3124.000000 5.825291 10.005110 0.034190 1 1 0 4836943305453880129 16238
1000000 1000 31003 20672.000000 109.000000 2931.000000 5.500208 9.645153 0.031299 1 1 0 4836943305453880129 17802
1000000 1000 43923 33293.000000 96.000000 1988.000000 5.064344 6.730355 0.038875 1 1 0 4836943305453880129 22192
1000000 1000 46092 32495.000000 156.000000 3052.000000 5.523924 9.759533 0.039822 1 1 0 4836943305453880129 21724
1000000 1000 39937 29654.000000 112.000000 3092.000000 5.280563 9.965296 0.028895 1 1 0 4836943305453880129 16842
1000000 1000 26323 19213.000000 76.000000 2528.000000 5.064948 8.557086 0.029573 1 1 0 4836943305453880129 17334
1500000 10 11103 7186.000000 38.000000 2662.000000 8.477422 8.749455 0.035828 1 1 0 4836943305453880129 17290
1500000 10 13283 9428.000000 38.000000 2354.000000 8.769971 7.752007 0.034735 1 1 0 4836943305453880129 17302
1500000 10 13326 7834.000000 52.000000 4024.000000 8.596484 13.290085 0.045428 1 1 0 4836943305453880129 19742
1500000 10 7419 4089.000000 30.000000 3854.000000 8.950475 12.646894 0.031425 1 1 0 4836943305453880129 16070
1500000 10 7505 3746.000000 36.000000 5038.000000 8.214881 16.250598 0.032425 1 1 0 4836943305453880129 17308
1500000 10 5891 2141.000000 36.000000 4516.000000 8.433148 14.867452 0.034266 1 1 0 4836943305453880129 16068
1500000 10 11842 6847.000000 40.000000 3884.000000 9.563540 13.227942 0.032869 1 1 0 4836943305453880129 17306
1500000 50 9001 3973.000000 42.000000 4438.000000 9.593997 14.663209 0.032963 1 1 0 4836943305453880129 17272
1500000 50 8600 3452.000000 42.000000 4132.000000 8.233658 13.464474 0.038524 1 1 0 4836943305453880129 17250
1500000 50 18421 12276.000000 60.000000 2802.000000 7.935191 9.463192 0.038723 1 1 0 4836943305453880129 20934
1500000 50 19559 9612.000000 88.000000 4948.000000 9.024659 16.688978 0.049307 1 1 0 4836943305453880129 23400
1500000 50 14654 8597.000000 60.000000 4070.000000 8.993283 13.628056 0.040822 1 1 0 4836943305453880129 19710
1500000 50 5937 2496.000000 32.000000 4228.000000 9.093126 14.201264 0.038108 1 1 0 4836943305453880129 17250
1500000 50 9451 5572.000000 40.000000 4018.000000 9.149411 13.456784 0.031335 1 1 0 4836943305453880129 18512
1500000 100 8924 5149.000000 36.000000 4164.000000 8.813038 13.987473 0.032417 1 1 0 4836943305453880129 16098
1500000 100 7630 4253.000000 34.000000 4044.000000 8.780915 13.492595 0.036929 1 1 0 4836943305453880129 17232
1500000 100 12379 7231.000000 44.000000 5016.000000 8.857081 16.648846 0.032627 1 1 0 4836943305453880129 17372
1500000 100 6973 3920.000000 30.000000 2250.000000 7.462342 7.579132 0.030041 1 1 0 4836943305453880129 16156
1500000 100 100036 80234.000000 219.000000 4227.000000 8.704355 14.116072 0.059157 1 1 0 4836943305453880129 23448
1500000 100 27103 16087.000000 102.000000 3460.000000 8.753127 11.602411 0.046586 1 1 0 4836943305453880129 25830
1500000 100 5874 3053.000000 26.000000 4848.000000 8.871342 16.154750 0.028084 1 1 0 4836943305453880129 14898
1500000 500 19359 13470.000000 58.000000 3568.000000 8.682697 11.924151 0.034496 1 1 0 4836943305453880129 19024
1500000 500 21456 13762.000000 93.000000 4733.000000 8.787005 15.848640 0.039131 1 1 0 4836943305453880129 18952
1500000 500 20028 13094.000000 69.000000 3533.000000 8.702833 11.798720 0.045779 1 1 0 4836943305453880129 19268
1500000 500 17024 10026.000000 72.000000 4706.000000 8.712398 15.691909 0.040303 1 1 0 4836943305453880129 19914
1500000 500 45426 32829.000000 131.000000 4065.000000 8.677574 13.598967 0.048829 1 1 0 4836943305453880129 23844
1500000 500 234214 195573.000000 480.000000 4192.000000 8.756655 14.250622 0.069714 1 1 0 4836943305453880129 25108
1500000 500 27626 20548.000000 77.000000 3863.000000 8.765940 12.659076 0.038262 1 1 0 4836943305453880129 20118
1500000 1000 54814 40065.000000 193.000000 4753.000000 8.493520 15.513040 0.053724 1 1 0 4836943305453880129 23020
1500000 1000 23537 13630.000000 93.000000 4481.000000 8.338786 14.449227 0.039656 1 1 0 4836943305453880129 21468
1500000 1000 38331 27840.000000 119.000000 4521.000000 7.962357 14.642570 0.042694 1 1 0 4836943305453880129 22594
1500000 1000 23867 16237.000000 88.000000 5008.000000 7.980451 16.208945 0.044583 1 1 0 4836943305453880129 20278
1500000 1000 37834 27575.000000 105.000000 3555.000000 7.714081 11.510015 0.040567 1 1 0 4836943305453880129 21504
1500000 1000 18198 11712.000000 66.000000 4584.000000 7.670750 14.778744 0.036552 1 1 0 4836943305453880129 18332
1500000 1000 41476 28631.000000 136.000000 3712.000000 7.901682 12.037109 0.039627 1 1 0 4836943305453880129 23922
2000000 10 9954 4862.000000 42.000000 5676.000000 10.265441 18.343909 0.039025 1 1 0 4836943305453880129 19994
2000000 10 9760 4588.000000 44.000000 6554.000000 10.381001 21.232170 0.039233 1 1 0 4836943305453880129 19992
2000000 10 17028 11571.000000 48.000000 4768.000000 10.479729 15.473178 0.040792 1 1 0 4836943305453880129 19982
2000000 10 10034 4346.000000 49.000000 6009.000000 10.499765 19.453208 0.042328 1 1 0 4836943305453880129 19978
2000000 10 10797 5093.000000 52.000000 5480.000000 10.776293 17.789416 0.047093 1 1 0 4836943305453880129 19982
2000000 10 4070 2006.000000 18.000000 5190.000000 10.526520 17.000767 0.037948 1 1 0 4836943305453880129 17160
2000000 10 13563 9884.000000 36.000000 4882.000000 11.497748 16.283081 0.040925 1 1 0 4836943305453880129 19978
2000000 50 18799 11721.000000 74.000000 6076.000000 11.690157 20.245436 0.051387 1 1 0 4836943305453880129 24162
2000000 50 15861 10244.000000 48.000000 4370.000000 11.640134 14.709815 0.049262 1 1 0 4836943305453880129 21366
2000000 50 12758 5880.000000 66.000000 5132.000000 11.597176 17.169148 0.050936 1 1 0 4836943305453880129 22786
2000000 50 3157 1559.000000 14.000000 4880.000000 11.820635 16.192449 0.028122 1 1 0 4836943305453880129 15712
2000000 50 11970 8043.000000 40.000000 4046.000000 11.728450 13.545201 0.048033 1 1 0 4836943305453880129 20034
2000000 50 13542 6128.000000 76.000000 6528.000000 12.245699 21.919302 0.059583 1 1 0 4836943305453880129 24194
2000000 50 6630 3268.000000 32.000000 5352.000000 11.949655 17.912444 0.043948 1 1 0 4836943305453880129 18626
2000000 100 16427 9381.000000 70.000000 5532.000000 11.882614 18.484924 0.054256 1 1 0 4836943305453880129 24110
2000000 100 12914 7311.000000 55.000000 4941.000000 11.728865 16.498609 0.042890 1 1 0 4836943305453880129 21490
2000000 100 51950 44816.000000 86.000000 4346.000000 11.511442 14.597086 0.048470 1 1 0 4836943305453880129 21378
2000000 100 11694 7728.000000 42.000000 4206.000000 12.013083 14.103733 0.046916 1 1 0 4836943305453880129 19890
2000000 100 13513 6484.000000 72.000000 5694.000000 11.951745 19.093364 0.058800 1 1 0 4836943305453880129 24148
2000000 100 15616 9415.000000 62.000000 5176.000000 11.849927 17.341365 0.057458 1 1 0 4836943305453880129 22860
2000000 100 55687 41882.000000 171.000000 5871.000000 12.133734 19.732594 0.063318 1 1 0 4836943305453880129 22854
2000000 500 49162 36373.000000 130.000000 6004.000000 12.340897 20.096264 0.063983 1 1 0 4836943305453880129 25934
2000000 500 37583 27684.000000 100.000000 4542.000000 11.560354 15.268095 0.057126 1 1 0 4836943305453880129 23876
2000000 500 26188 15641.000000 106.000000 5728.000000 11.836404 19.147916 0.061952 1 1 0 4836943305453880129 28622
2000000 500 44404 33609.000000 124.000000 4938.000000 11.702054 16.548152 0.061594 1 1 0 4836943305453880129 24126
2000000 500 51670 38769.000000 131.000000 6017.000000 11.738554 20.163799 0.062750 1 1 0 4836943305453880129 28716
2000000 500 16930 9732.000000 72.000000 5470.000000 11.506690 18.316182 0.056665 1 1 0 4836943305453880129 23714
2000000 500 31304 24171.000000 76.000000 5332.000000 11.867621 17.876120 0.055474 1 1 0 4836943305453880129 23194
2000000 1000 13456 9926.000000 38.000000 3538.000000 11.621283 11.940929 0.045192 1 1 0 4836943305453880129 16180
2000000 1000 50391 38711.000000 128.000000 5282.000000 11.933738 17.879154 0.065737 1 1 0 4836943305453880129 29320
2000000 1000 44489 32609.000000 138.000000 5176.000000 11.764507 16.610750 0.050521 1 1 0 4836943305453880129 19004
2000000 1000 50974 40531.000000 118.000000 5724.000000 10.703638 18.944329 0.053754 1 1 0 4836943305453880129 21868
2000000 1000 24930 14457.000000 104.000000 5482.000000 11.599563 17.868564 0.056561 1 1 0 4836943305453880129 28162
2000000 1000 73338 59382.000000 159.000000 4217.000000 10.379042 14.224043 0.070815 1 1 0 4836943305453880129 28272
2000000 1000 54522 41765.000000 130.000000 4894.000000 11.747741 16.164480 0.064348 1 1 0 4836943305453880129 27334
