Sting Size|Edit Dist |Total Comm (bytes)|Literal comm|Partition Sym Diff|Total Num Partitions|Time Tree(s)|Time Recon(s)|Time Backtrack (included in Time Recon) (s)|Set Recon Success|Str Recon Success|Tree Heap SIze|High Water Heap|Rsync Comm
100000 5 2384 1359.000000 16.000000 286.000000 0.088506 0.074201 0.026113 1 1 0 7008199590141318268 2283
100000 5 4372 2782.000000 22.000000 286.000000 0.090090 0.060940 0.016531 1 1 0 7008199590141318268 2973
100000 10 6597 3426.000000 48.000000 436.000000 0.093483 0.080904 0.021248 1 1 0 7008199590141318268 4382
100000 10 8238 5427.000000 38.000000 298.000000 0.091395 0.064494 0.016095 1 1 0 7008199590141318268 4372
100000 50 9613 6210.000000 57.000000 325.000000 0.105118 0.073357 0.023115 1 1 0 7008199590141318268 5028
100000 50 6055 3276.000000 36.000000 288.000000 0.090979 0.063087 0.016527 1 1 0 7008199590141318268 3728
100000 100 5920 4010.000000 32.000000 294.000000 0.090642 0.051790 0.002954 1 1 0 7008199590141318268 3614
100000 100 11360 8293.000000 46.000000 226.000000 0.089242 0.051856 0.011825 1 1 0 7008199590141318268 5698
100000 500 14900 11489.000000 58.000000 258.000000 0.088164 0.052536 0.015027 1 1 0 7008199590141318268 4832
100000 500 47895 42223.000000 83.000000 217.000000 0.094608 0.057066 0.014324 1 1 0 7008199590141318268 3928
100000 1000 18422 15163.000000 52.000000 366.000000 0.098897 0.075921 0.019305 1 1 0 7008199590141318268 5614
100000 1000 13566 10107.000000 58.000000 286.000000 0.089508 0.059329 0.014395 1 1 0 7008199590141318268 6702
200000 5 2811 1349.000000 18.000000 496.000000 0.200760 0.082646 0.020144 1 1 0 7008199590141318268 3703
200000 5 1889 864.000000 16.000000 442.000000 0.206048 0.076527 0.007853 1 1 0 7008199590141318268 3703
200000 10 8381 5458.000000 40.000000 598.000000 0.195599 0.102310 0.024018 1 1 0 7008199590141318268 5118
200000 10 8479 5060.000000 57.000000 567.000000 0.196275 0.091151 0.016231 1 1 0 7008199590141318268 6506
200000 50 12970 7730.000000 66.000000 464.000000 0.209946 0.086136 0.020060 1 1 0 7008199590141318268 7198
200000 50 12731 9080.000000 64.000000 532.000000 0.192963 0.099717 0.025532 1 1 0 7008199590141318268 7894
200000 100 7436 4633.000000 36.000000 598.000000 0.191239 0.107241 0.024985 1 1 0 7008199590141318268 5192
200000 100 9602 5983.000000 64.000000 556.000000 0.213814 0.120695 0.022775 1 1 0 7008199590141318268 7108
200000 500 14982 11411.000000 63.000000 551.000000 0.217340 0.112885 0.021439 1 1 0 7008199590141318268 6984
200000 500 26964 20692.000000 98.000000 454.000000 0.212709 0.093549 0.028069 1 1 0 7008199590141318268 9456
200000 1000 32810 26250.000000 109.000000 635.000000 0.207554 0.108623 0.013760 1 1 0 7008199590141318268 6636
200000 1000 81881 69268.000000 215.000000 507.000000 0.210660 0.113765 0.003286 1 1 0 7008199590141318268 11842
1000000 5 9541 6274.000000 52.000000 1802.000000 3.191713 0.337507 0.027608 1 1 0 7008199590141318268 14207
1000000 5 5320 3466.000000 30.000000 1758.000000 2.905295 0.244065 0.027567 1 1 0 7008199590141318268 12153
1000000 10 9925 7194.000000 34.000000 1936.000000 2.530872 0.261452 0.033340 1 1 0 7008199590141318268 13224
1000000 10 9322 6183.000000 48.000000 2080.000000 2.525219 0.272846 0.028552 1 1 0 7008199590141318268 13222
1000000 50 4287 2577.000000 26.000000 2110.000000 2.591218 0.277257 0.030013 1 1 0 7008199590141318268 12130
1000000 50 15424 9784.000000 80.000000 1678.000000 2.583886 0.251663 0.027622 1 1 0 7008199590141318268 16236
1000000 100 23292 16860.000000 106.000000 2202.000000 2.408964 0.295919 0.034232 1 1 0 7008199590141318268 18232
1000000 100 15440 9944.000000 74.000000 1940.000000 2.535741 0.290689 0.036528 1 1 0 7008199590141318268 16252
1000000 500 12035 8688.000000 55.000000 2367.000000 2.665764 0.330459 0.038161 1 1 0 7008199590141318268 13560
1000000 500 40664 30219.000000 137.000000 1971.000000 2.419566 0.273579 0.038225 1 1 0 7008199590141318268 19678
1000000 1000 28617 18028.000000 141.000000 1935.000000 2.189989 0.284442 0.031784 1 1 0 7008199590141318268 21630
1000000 1000 76961 65196.000000 184.000000 1576.000000 2.646161 0.225413 0.035079 1 1 0 7008199590141318268 25424
2000000 5 4925 2082.000000 38.000000 4084.000000 5.613240 0.527572 0.034037 1 1 0 7008199590141318268 17173
2000000 5 8398 5059.000000 54.000000 3524.000000 5.736086 0.438584 0.035348 1 1 0 7008199590141318268 19991
2000000 10 8205 4674.000000 60.000000 3202.000000 5.794725 0.414495 0.034675 1 1 0 7008199590141318268 21390
2000000 10 6908 3649.000000 52.000000 4382.000000 5.666115 0.540508 0.037103 1 1 0 7008199590141318268 18574
2000000 50 10437 5189.000000 66.000000 3576.000000 5.795847 0.462114 0.036271 1 1 0 7008199590141318268 21446
2000000 50 11013 7602.000000 56.000000 3434.000000 5.542026 0.393158 0.033441 1 1 0 7008199590141318268 19944
2000000 100 5607 2860.000000 34.000000 3024.000000 5.481132 0.440603 0.041862 1 1 0 7008199590141318268 17240
2000000 100 19586 13186.000000 104.000000 3952.000000 5.561381 0.476109 0.042018 1 1 0 7008199590141318268 25628
2000000 500 38268 31236.000000 126.000000 3530.000000 5.688754 0.435569 0.042506 1 1 0 7008199590141318268 26562
2000000 500 25879 19911.000000 90.000000 2746.000000 5.034886 0.382207 0.046066 1 1 0 7008199590141318268 26546
2000000 1000 55612 45031.000000 141.000000 3553.000000 5.147009 0.594645 0.039723 1 1 0 7008199590141318268 29188
2000000 1000 23541 16773.000000 118.000000 4146.000000 5.678914 0.498641 0.039542 1 1 0 7008199590141318268 24644
10000000 5 4198 2592.000000 22.000000 13324.000000 61.898171 1.430888 0.077611 1 1 0 7008199590141318268 34953
10000000 5 6471 3508.000000 42.000000 15988.000000 56.673740 1.743773 0.085901 1 1 0 7008199590141318268 38113
10000000 10 13859 8523.000000 68.000000 11566.000000 55.898540 1.390671 0.100035 1 1 0 7008199590141318268 44444
10000000 10 4953 1870.000000 46.000000 14844.000000 52.008204 1.857200 0.086242 1 1 0 7008199590141318268 38112
10000000 50 17375 11159.000000 98.000000 15846.000000 60.481847 1.927443 0.108386 1 1 0 7008199590141318268 50728
