Sting Size|Edit Dist %|Comm (bytes)|Actual Sym Diff|Time Tree(s)|Time Recon(s)|Time Backtrack (included in Time Recon) (s)|Str Recon True|Tree Heap SIze|High Water Heap
100000 0.000010 90228 6 0.093674 0.044934 0.001473 1 140736475125736 0
100000 0.000100 75906 12 0.092628 0.034933 0.001753 1 140736475125736 0
100000 0.001000 90376 8 0.087023 0.037574 0.001243 1 140736475125736 0
100000 0.010000 138017 16 0.089957 0.039358 0.000876 1 140736475125736 0
100000 0.100000 130185 13 0.090042 0.043848 0.001383 1 140736475125736 0
100000 1.000000 38139 8 0.108478 0.041444 0.000126 1 140736475125736 0
400000 0.000010 78928 6 0.337407 0.049011 0.003650 1 140736475125736 0
400000 0.000100 161763 10 0.335754 0.042829 0.003980 1 140736475125736 0
400000 0.001000 336203 12 0.323106 0.041823 0.003121 1 140736475125736 0
400000 0.010000 327665 20 0.335359 0.048952 0.003819 1 140736475125736 0
400000 0.100000 432576 26 0.337262 0.055142 0.004415 1 140736475125736 0
400000 1.000000 806111 23 0.322583 0.070240 0.007278 1 140736475125736 0
800000 0.000010 269735 12 0.648868 0.056319 0.007717 1 140736475125736 0
800000 0.000100 370279 12 0.650774 0.053522 0.007116 1 140736475125736 0
800000 0.001000 476371 22 0.647977 0.058664 0.008337 1 140736475125736 0
800000 0.010000 639642 24 0.655722 0.060757 0.007429 1 140736475125736 0
800000 0.100000 696270 27 0.644008 0.068984 0.007906 1 140736475125736 0
800000 1.000000 1534113 29 0.643932 0.081044 0.012501 1 140736475125736 0
1200000 0.000010 617022 18 0.970660 0.062973 0.009547 1 140736475125736 0
1200000 0.000100 191719 10 0.967665 0.050430 0.009744 1 140736475125736 0
1200000 0.001000 621100 18 0.956150 0.062482 0.010513 1 140736475125736 0
1200000 0.010000 788309 22 0.964424 0.069152 0.010067 1 140736475125736 0
1200000 0.100000 1029441 27 0.956586 0.067742 0.009526 1 140736475125736 0
1200000 1.000000 2103572 29 0.955720 0.100071 0.018856 1 140736475125736 0
1600000 0.000010 371337 14 1.255574 0.058325 0.013503 1 140736475125736 0
1600000 0.000100 475059 18 1.265028 0.065906 0.013409 1 140736475125736 0
1600000 0.001000 681604 20 1.276540 0.071423 0.013702 1 140736475125736 0
1600000 0.010000 1248250 30 1.272140 0.078180 0.013426 1 140736475125736 0
1600000 0.100000 1521573 28 1.285363 0.090055 0.014384 1 140736475125736 0
1600000 1.000000 49915 20 1.290404 0.047008 0.001205 1 140736475125736 0
2000000 0.000010 534189 14 1.596283 0.073374 0.016368 1 140736475125736 0
2000000 0.000100 803777 20 1.581090 0.078631 0.016734 1 140736475125736 0
2000000 0.001000 1000307 20 1.599678 0.078664 0.017371 1 140736475125736 0
2000000 0.010000 1393552 26 1.597301 0.094065 0.016816 1 140736475125736 0
2000000 0.100000 1879611 29 1.620040 0.096815 0.017158 1 140736475125736 0
2000000 1.000000 1724814 29 1.603987 0.099558 0.016112 1 140736475125736 0
