TerShingle Length|Space|Comm (bytes)|hash vec comm|Terminal comm|Actual Sym Diff|Time Tree(s)|Time Recon(s)|Time Backtrack (included in Time Recon) (s)|Str Recon True|Tree Heap SIze|High Water Heap|Rsync time|Rsync Comm
1 1 222281 600.000000 67463.000000 463 1.625553 1.989765 0.023716 1 0 0 0.001000 20422
1 2 54077 104.000000 19173.000000 71 1.864510 0.570269 0.012751 1 0 0 0.001000 13208
1 4 110250 176.000000 25714.000000 216 2.160698 0.965936 0.017182 1 0 0 0.001000 17528
1 8 187349 192.000000 72664.000000 154 2.456619 1.275105 0.018893 1 0 0 0.001000 23936
1 16 144022 120.000000 88528.000000 144 2.709752 0.587560 0.018625 1 0 0 0.001000 17182
1 32 423865 96.000000 388264.000000 92 3.167335 0.372137 0.011976 1 0 0 0.001000 17560
2 1 85310 224.000000 19756.000000 245 1.663808 1.317931 0.019519 1 0 0 0.001000 19062
2 2 107933 144.000000 48519.000000 197 1.870842 0.682438 0.017521 1 0 0 0.001000 18806
2 4 95702 144.000000 31448.000000 289 2.276650 0.764213 0.016759 1 0 0 0.001000 15988
2 8 106624 144.000000 69844.000000 146 2.632151 0.421052 0.018848 1 0 0 0.001000 16202
2 16 197667 136.000000 126805.000000 116 2.942662 0.766114 0.019586 1 0 0 0.001000 17388
2 32 150404 80.000000 134876.000000 88 3.308780 0.176796 0.015081 1 0 0 0.001000 15462
3 1 145209 280.000000 42764.000000 240 1.722541 1.702028 0.022617 1 0 0 0.001000 17550
3 2 176469 440.000000 88894.000000 153 1.973551 1.132788 0.020424 1 0 0 0.001000 13810
3 4 205750 232.000000 59836.000000 108 2.333776 1.779384 0.022000 1 0 0 0.001000 21904
3 8 181380 216.000000 86648.000000 206 2.703498 1.022373 0.021163 1 0 0 0.001000 24354
3 16 121624 104.000000 65230.000000 234 3.062592 0.574225 0.018034 1 0 0 0.001000 16556
3 32 255936 112.000000 241766.000000 100 3.351992 0.143050 0.013866 1 0 0 0.001000 18930
4 1 79563 224.000000 16195.000000 245 1.722849 1.210567 0.022804 1 0 0 0.001000 17348
4 2 85700 176.000000 41509.000000 302 1.958180 0.591919 0.018899 1 0 0 0.001000 17404
4 4 186362 192.000000 57228.000000 80 2.326289 1.524355 0.022150 1 0 0 0.001000 20680
4 8 131887 152.000000 57250.000000 70 2.687772 0.887559 0.020197 1 0 0 0.001000 19470
4 16 153340 168.000000 115415.000000 134 3.025385 0.404213 0.019468 1 0 0 0.001000 21096
4 32 173154 120.000000 135446.000000 112 3.376031 0.390098 0.019311 1 0 0 0.001000 17012
5 1 491309 1952.000000 248852.000000 622 1.861671 2.825165 0.034944 1 0 0 0.001000 22210
5 2 237873 272.000000 46631.000000 151 2.101764 2.381347 0.021514 1 0 0 0.001000 16952
5 4 78947 96.000000 26064.000000 61 2.474273 0.702318 0.018612 1 0 0 0.001000 16096
5 8 141365 168.000000 44224.000000 268 2.839782 1.046131 0.016709 1 0 0 0.001000 20120
5 16 160326 104.000000 141838.000000 154 2.826627 0.176631 0.013840 1 0 0 0.001000 15620
5 32 164171 200.000000 126337.000000 206 3.440819 0.378473 0.018295 1 0 0 0.001000 20554
6 1 200194 376.000000 57556.000000 231 1.884725 1.993185 0.023130 1 0 0 0.001000 17904
6 2 108348 128.000000 73819.000000 72 1.928426 0.470440 0.014935 1 0 0 0.001000 14198
6 4 98831 120.000000 26366.000000 48 2.472784 0.896532 0.018289 1 0 0 0.001000 15166
6 8 100828 96.000000 43764.000000 212 2.858034 0.597251 0.018300 1 0 0 0.001000 15212
6 16 155178 152.000000 101648.000000 79 3.188783 0.583586 0.019066 1 0 0 0.001000 20132
6 32 152759 88.000000 138374.000000 108 3.548929 0.148879 0.018722 1 0 0 0.001000 17114
