Level|Partition|Total Comm (bytes)|Set Recon comm|Literal comm|Partition Sym Diff|Total Num Partitions|Time Tree(s)|Time Recon(s)|Time Backtrack (included in Time Recon) (s)|Str Recon True|Tree Heap SIze|High Water Heap|Rsync Comm
4 3 463796 0.000000 456961.000000 82.000000 156.000000 2.994375 1.736173 0.024862 1 0 0 23788
4 4 1254552 0.000000 1251774.000000 27.000000 18.000000 0.721068 0.256646 0.010889 0 0 0 14988
4 5 91702 0.000000 84356.000000 80.000000 596.000000 4.161460 6.365535 0.025651 1 0 0 27854
4 6 58959 0.000000 52019.000000 71.000000 713.000000 5.131660 7.144171 0.029760 1 0 0 29854
4 7 52186 0.000000 46796.000000 43.000000 617.000000 4.763922 6.179753 0.024588 1 0 0 24648
4 8 46368 0.000000 42134.000000 40.000000 663.000000 6.417601 6.904149 0.027891 1 0 0 24624
5 3 77037 0.000000 69842.000000 78.000000 781.000000 4.150468 6.663323 0.030093 1 0 0 23226
5 4 51087 0.000000 43965.000000 78.000000 1077.000000 6.590353 9.781466 0.034381 1 0 0 28546
5 5 56319 0.000000 48755.000000 92.000000 1170.000000 6.661243 8.434610 0.037488 1 0 0 27288
5 6 1153160 0.000000 1149252.000000 45.000000 34.000000 0.696237 0.322877 0.008056 0 0 0 14994
5 7 23555 0.000000 18306.000000 48.000000 968.000000 9.623931 7.060296 0.036040 1 0 0 23600
5 8 36210 0.000000 30300.000000 55.000000 940.000000 11.276512 6.953150 0.036338 1 0 0 27778
6 3 22049 0.000000 16519.000000 56.000000 1818.000000 7.061912 13.316185 0.028630 1 0 0 20898
6 4 33697 0.000000 26357.000000 80.000000 1544.000000 9.202325 16.084631 0.046771 1 0 0 25896
6 5 1674182 0.000000 1669069.000000 48.000000 27.000000 0.961492 0.462681 0.013872 0 0 0 14994
6 6 1903776 0.000000 1897386.000000 75.000000 29.000000 1.190184 0.711463 0.036892 0 0 0 14774
