Str Size|Edit Diff|Comm (bits)|Time Set(s)|Time Str(s)|Str Recon True
100000 0.000100 119969 0.011554 0.115344 1
100000 0.000500 152763 0.015962 0.122731 1
100000 0.001000 108220 0.012522 0.116847 1
100000 0.005000 93483 0.012826 0.114177 1
100000 0.010000 122900 0.013699 0.124683 1
100000 0.050000 152009 0.018231 0.116300 1
400000 0.000100 208338 0.019879 0.307775 1
400000 0.000500 91885 0.014044 0.310642 1
400000 0.001000 250738 0.018094 0.320299 1
400000 0.005000 197055 0.020756 0.314811 1
400000 0.010000 213542 0.019219 0.314722 1
400000 0.050000 276484 0.020069 0.316286 1
800000 0.000100 320173 0.024236 0.580087 1
800000 0.000500 304167 0.019082 0.576791 1
800000 0.001000 611578 0.027171 0.577209 1
800000 0.005000 529899 0.022499 0.569693 1
800000 0.010000 334839 0.018633 0.567696 1
800000 0.050000 522862 0.023132 0.582662 1
1200000 0.000100 265595 0.022245 0.846425 1
1200000 0.000500 612986 0.025609 0.834918 1
1200000 0.001000 604410 0.024316 0.841292 1
1200000 0.005000 664989 0.026549 0.858446 1
1200000 0.010000 872501 0.034972 0.851355 1
1200000 0.050000 780014 0.032754 0.838452 1
1600000 0.000100 228793 0.024980 1.103878 1
1600000 0.000500 684960 0.029336 1.100878 1
1600000 0.001000 728905 0.032101 1.144409 1
1600000 0.005000 595278 0.027352 1.111472 1
1600000 0.010000 941599 0.032789 1.110742 1
1600000 0.050000 1240317 0.039625 1.104120 1
2000000 0.000100 510179 0.026240 1.362622 1
2000000 0.000500 826190 0.037888 1.362308 1
2000000 0.001000 904930 0.033249 1.446224 1
2000000 0.005000 803388 0.033406 1.362550 1
2000000 0.010000 1068669 0.042846 1.360776 1
2000000 0.050000 867250 0.032186 1.369661 1
