Sting Size|Edit Dist |Total Comm (bytes)|Literal comm|Partition Sym Diff|Total Num Partitions|Time Tree(s)|Time Recon(s)|Time Backtrack (included in Time Recon) (s)|Set Recon Success|Str Recon Success|Tree Heap SIze|High Water Heap|Rsync Comm
100000 10 113108 75489.000000 81.000000 97.000000 0.087298 0.145812 0.001898 1 1 0 7008199590141318268 1586
100000 50 40274 8113.000000 75.000000 827.000000 0.578107 0.338542 0.005341 1 1 0 7008199590141318268 3684
100000 100 58408 17682.000000 118.000000 712.000000 0.605547 0.327673 0.007762 1 1 0 7008199590141318268 4314
100000 500 48713 16250.000000 83.000000 515.000000 0.592185 0.248603 0.005633 1 1 0 7008199590141318268 7812
500000 10 20892 1191.000000 26.000000 2746.000000 2.835237 0.853153 0.012248 1 1 0 7008199590141318268 8672
500000 50 31312 4446.000000 46.000000 1866.000000 2.760817 0.646561 0.014666 1 1 0 7008199590141318268 10070
500000 100 34032 7419.000000 44.000000 1062.000000 2.674814 0.414426 0.016010 1 1 0 7008199590141318268 10826
500000 500 46032 12922.000000 72.000000 1242.000000 2.762255 0.489715 0.017412 1 1 0 7008199590141318268 11752
1000000 10 36181 9543.000000 48.000000 2520.000000 5.822616 0.861901 0.023419 1 1 0 7008199590141318268 15200
1000000 50 29638 7408.000000 41.000000 3809.000000 5.931372 1.285265 0.021476 1 1 0 7008199590141318268 13244
1000000 100 33481 6444.000000 43.000000 3335.000000 5.517418 1.110857 0.021584 1 1 0 7008199590141318268 15212
1000000 500 50115 16730.000000 75.000000 2689.000000 5.376737 0.920946 0.023813 1 1 0 7008199590141318268 17148
5000000 10 23905 2490.000000 22.000000 11696.000000 26.520410 3.402980 0.061717 1 1 0 7008199590141318268 27020
5000000 50 310146 284833.000000 42.000000 7244.000000 24.326779 2.196620 0.070967 1 1 0 7008199590141318268 31514
5000000 100 36101 10012.000000 55.000000 9677.000000 28.352308 3.218428 0.086310 1 1 0 7008199590141318268 31466
5000000 500 61065 24495.000000 85.000000 10333.000000 29.379167 3.505608 0.100440 1 1 0 7008199590141318268 38084
10000000 10 40530 9441.000000 66.000000 20484.000000 58.250298 6.348549 0.166001 1 1 0 7008199590141318268 50752
10000000 50 4461497 4438810.000000 28.000000 11136.000000 43.746709 3.658125 0.086172 1 1 0 7008199590141318268 39878
10000000 100 33182 6524.000000 42.000000 17454.000000 55.471420 5.607837 0.142448 1 1 0 7008199590141318268 44338
10000000 500 50031 16305.000000 72.000000 16890.000000 61.323577 5.614308 0.184716 1 1 0 7008199590141318268 50566
