Sting Size|Edit Dist |Total Comm (bytes)|Literal comm|Partition Sym Diff|Total Num Partitions|Time Tree(s)|Time Recon(s)|Time Backtrack (included in Time Recon) (s)|Set Recon Success|Str Recon Success|Tree Heap SIze|High Water Heap|Rsync Comm
20000000 5 3800 2102.000000 26.000000 22800.000000 149.108309 3.746946 0.235973 1 1 0 7008199590141318268 49352
20000000 5 14720 9196.000000 76.000000 25516.000000 147.880715 4.269753 0.323663 1 1 0 7008199590141318268 62760
20000000 5 21159 15651.000000 74.000000 20156.000000 149.907905 3.434228 0.322947 1 1 0 7008199590141318268 62762
20000000 5 10257 6906.000000 54.000000 26336.000000 148.937249 4.305625 0.250735 1 1 0 7008199590141318268 58298
20000000 5 4874 1795.000000 46.000000 27136.000000 151.509206 4.424963 0.243383 1 1 0 7008199590141318268 53816
20000000 5 9168 6353.000000 36.000000 23330.000000 150.032906 3.847942 0.248844 1 1 0 7008199590141318268 53824
20000000 5 8098 5115.000000 42.000000 23088.000000 149.221660 3.837767 0.276499 1 1 0 7008199590141318268 53818
20000000 5 19598 15951.000000 62.000000 24366.000000 147.012102 4.101147 0.331786 1 1 0 7008199590141318268 62758
20000000 5 3321 1719.000000 22.000000 26842.000000 148.468239 4.366380 0.227704 1 1 0 7008199590141318268 49342
20000000 5 7061 4022.000000 44.000000 24942.000000 152.165593 4.075635 0.224974 1 1 0 7008199590141318268 53814
20000000 5 14918 11471.000000 58.000000 19678.000000 148.220195 3.360857 0.320454 1 1 0 7008199590141318268 58288
20000000 5 3288 1638.000000 24.000000 26456.000000 148.577462 4.321142 0.239348 1 1 0 7008199590141318268 49352
20000000 5 10872 7401.000000 60.000000 24216.000000 147.287088 4.003080 0.266587 1 1 0 7008199590141318268 58288
20000000 5 6335 3256.000000 46.000000 25068.000000 149.651882 4.149420 0.274938 1 1 0 7008199590141318268 53824
20000000 5 5266 3344.000000 32.000000 25234.000000 147.315403 4.121424 0.230755 1 1 0 7008199590141318268 53814
20000000 5 13929 8501.000000 72.000000 27664.000000 149.011400 4.590728 0.315767 1 1 0 7008199590141318268 62762
20000000 5 10893 7446.000000 56.000000 25824.000000 150.564311 4.302979 0.318954 1 1 0 7008199590141318268 58286
20000000 5 8503 5616.000000 40.000000 18556.000000 148.508273 3.194131 0.328032 1 1 0 7008199590141318268 53814
20000000 5 3860 2210.000000 24.000000 27630.000000 151.777905 4.493014 0.235654 1 1 0 7008199590141318268 49342
20000000 5 11344 7873.000000 58.000000 26590.000000 150.478012 4.389999 0.273348 1 1 0 7008199590141318268 58286
20000000 5 8918 5351.000000 62.000000 28852.000000 149.661406 4.738014 0.269382 1 1 0 7008199590141318268 58288
20000000 5 6671 3925.000000 35.000000 28781.000000 146.545943 4.665017 0.219275 1 1 0 7008199590141318268 53822
20000000 5 11365 7963.000000 54.000000 25282.000000 150.956009 4.227158 0.320800 1 1 0 7008199590141318268 58288
20000000 5 10988 5440.000000 76.000000 28054.000000 150.349710 4.650931 0.305960 1 1 0 7008199590141318268 62766
20000000 5 6433 4831.000000 22.000000 25278.000000 150.422599 4.157082 0.252680 1 1 0 7008199590141318268 49352
20000000 5 9083 5801.000000 52.000000 22328.000000 148.716883 3.701330 0.256300 1 1 0 7008199590141318268 58296
20000000 5 14170 8862.000000 68.000000 22546.000000 149.728841 3.792248 0.307399 1 1 0 7008199590141318268 62764
20000000 5 13273 7725.000000 74.000000 29326.000000 150.560867 4.872289 0.341872 1 1 0 7008199590141318268 62760
20000000 5 8415 4848.000000 62.000000 28462.000000 150.299809 4.684811 0.280296 1 1 0 7008199590141318268 58296
20000000 5 23993 21074.000000 41.000000 22989.000000 152.019776 3.823718 0.276810 1 1 0 7008199590141318268 49352
20000000 5 9840 6902.000000 40.000000 20320.000000 152.217973 3.437958 0.298771 1 1 0 7008199590141318268 53816
20000000 5 6181 3150.000000 44.000000 24412.000000 151.011339 4.068923 0.291423 1 1 0 7008199590141318268 53816
20000000 5 8191 5157.000000 44.000000 27220.000000 151.320060 4.475219 0.265975 1 1 0 7008199590141318268 53824
20000000 5 6669 3590.000000 46.000000 29168.000000 151.718218 4.773324 0.276440 1 1 0 7008199590141318268 53814
20000000 5 8462 5207.000000 52.000000 30678.000000 148.837750 5.013630 0.264646 1 1 0 7008199590141318268 58292
20000000 5 9277 5758.000000 60.000000 27844.000000 150.514509 4.546772 0.240854 1 1 0 7008199590141318268 58292
20000000 5 7388 4357.000000 44.000000 24294.000000 148.252307 4.030458 0.279534 1 1 0 7008199590141318268 53818
20000000 5 5765 2782.000000 42.000000 28372.000000 149.286509 4.653644 0.273808 1 1 0 7008199590141318268 53814
20000000 5 10062 6423.000000 64.000000 31744.000000 149.852167 5.181214 0.277234 1 1 0 7008199590141318268 58294
20000000 5 8963 5945.000000 42.000000 25312.000000 149.104775 4.174143 0.238194 1 1 0 7008199590141318268 58286
20000000 5 15246 9743.000000 76.000000 25658.000000 149.375841 4.291097 0.322687 1 1 0 7008199590141318268 62764
20000000 5 3182 1625.000000 20.000000 23172.000000 148.909209 3.837091 0.254848 1 1 0 7008199590141318268 49352
20000000 5 10184 6641.000000 60.000000 26176.000000 149.095387 4.353167 0.296844 1 1 0 7008199590141318268 58290
20000000 5 6817 3954.000000 38.000000 22806.000000 148.883578 3.759083 0.253640 1 1 0 7008199590141318268 53824
20000000 5 11287 7984.000000 54.000000 25000.000000 147.047468 4.168592 0.299689 1 1 0 7008199590141318268 58292
20000000 5 7861 4366.000000 60.000000 26782.000000 147.345727 4.451565 0.307835 1 1 0 7008199590141318268 58294
20000000 5 8820 5253.000000 62.000000 27360.000000 147.691370 4.509255 0.280628 1 1 0 7008199590141318268 58294
20000000 5 8099 5164.000000 40.000000 28020.000000 147.447575 4.592782 0.261771 1 1 0 7008199590141318268 53814
20000000 5 10978 7435.000000 60.000000 27436.000000 147.108535 4.549236 0.308705 1 1 0 7008199590141318268 58288
20000000 5 8731 5140.000000 62.000000 24800.000000 147.950576 4.154843 0.316003 1 1 0 7008199590141318268 58290
20000000 10 18757 12377.000000 104.000000 22970.000000 149.957567 3.916688 0.349244 1 1 0 7008199590141318268 71709
20000000 10 9705 6186.000000 60.000000 25198.000000 151.278721 4.199265 0.304429 1 1 0 7008199590141318268 58281
20000000 10 16320 10004.000000 103.000000 24433.000000 147.800618 4.131175 0.336071 1 1 0 7008199590141318268 67241
20000000 10 4993 3391.000000 22.000000 28410.000000 149.960235 4.646505 0.250085 1 1 0 7008199590141318268 49337
20000000 10 4263 2613.000000 24.000000 21886.000000 149.184887 3.644558 0.260778 1 1 0 7008199590141318268 49341
20000000 10 16938 11390.000000 76.000000 24834.000000 150.004748 4.180834 0.334930 1 1 0 7008199590141318268 62755
20000000 10 8509 5014.000000 58.000000 25734.000000 151.124123 4.303729 0.316671 1 1 0 7008199590141318268 58299
20000000 10 13744 10441.000000 52.000000 24546.000000 151.822596 4.081291 0.282286 1 1 0 7008199590141318268 58285
20000000 10 8322 5291.000000 44.000000 27472.000000 151.088237 4.525917 0.275044 1 1 0 7008199590141318268 53813
20000000 10 25957 19201.000000 116.000000 28144.000000 151.472258 4.711656 0.353013 1 1 0 7008199590141318268 71701
20000000 10 12197 8870.000000 54.000000 23654.000000 148.344138 3.964213 0.300406 1 1 0 7008199590141318268 58287
20000000 10 9365 6430.000000 40.000000 23712.000000 148.276191 3.959211 0.282803 1 1 0 7008199590141318268 53829
20000000 10 16279 10315.000000 90.000000 31154.000000 149.171836 5.136175 0.314098 1 1 0 7008199590141318268 67235
20000000 10 10917 7318.000000 64.000000 23218.000000 146.642251 3.918690 0.323168 1 1 0 7008199590141318268 58287
20000000 10 13539 7967.000000 76.000000 25674.000000 148.866831 4.313503 0.334542 1 1 0 7008199590141318268 62771
20000000 10 6909 3968.000000 40.000000 25412.000000 147.146643 4.235886 0.302777 1 1 0 7008199590141318268 53809
20000000 10 7828 4426.000000 55.000000 26301.000000 150.049059 4.390912 0.318456 1 1 0 7008199590141318268 58305
20000000 10 12076 6816.000000 68.000000 32372.000000 150.748653 5.280222 0.265721 1 1 0 7008199590141318268 58285
20000000 10 18050 12158.000000 86.000000 24430.000000 149.218433 4.125552 0.336251 1 1 0 7008199590141318268 67239
20000000 10 6525 3590.000000 42.000000 17868.000000 149.473339 3.093879 0.319767 1 1 0 7008199590141318268 53809
20000000 10 12857 9506.000000 54.000000 27398.000000 149.398265 4.515358 0.277727 1 1 0 7008199590141318268 58293
20000000 10 15553 11874.000000 64.000000 27088.000000 149.630661 4.493917 0.295276 1 1 0 7008199590141318268 62755
20000000 10 16704 11204.000000 74.000000 21846.000000 149.416899 3.733600 0.347629 1 1 0 7008199590141318268 62757
20000000 10 15683 12516.000000 49.000000 24973.000000 149.177648 4.122240 0.254557 1 1 0 7008199590141318268 53827
20000000 10 13521 10170.000000 54.000000 30152.000000 149.491359 4.946864 0.278931 1 1 0 7008199590141318268 58299
20000000 10 12036 8901.000000 46.000000 22400.000000 147.249550 3.784743 0.310105 1 1 0 7008199590141318268 58299
20000000 10 12920 7540.000000 72.000000 26780.000000 147.762368 4.417476 0.268544 1 1 0 7008199590141318268 62771
20000000 10 13906 10411.000000 58.000000 19756.000000 147.601004 3.401769 0.337846 1 1 0 7008199590141318268 58285
20000000 10 6113 3395.000000 33.000000 25145.000000 147.899029 4.149067 0.247414 1 1 0 7008199590141318268 53811
20000000 10 6164 3202.000000 42.000000 28470.000000 148.939512 4.652422 0.244242 1 1 0 7008199590141318268 53829
20000000 10 10040 6566.000000 58.000000 26780.000000 149.747417 4.448283 0.307466 1 1 0 7008199590141318268 58299
20000000 10 9515 6116.000000 56.000000 21528.000000 150.133707 3.602302 0.271021 1 1 0 7008199590141318268 58283
20000000 10 12393 8987.000000 56.000000 27614.000000 152.737484 4.553035 0.283475 1 1 0 7008199590141318268 58285
20000000 10 14349 8433.000000 90.000000 27708.000000 152.063306 4.620066 0.324669 1 1 0 7008199590141318268 67229
20000000 10 4960 3403.000000 20.000000 22240.000000 150.066502 3.724596 0.280631 1 1 0 7008199590141318268 49337
20000000 10 19166 13026.000000 94.000000 21842.000000 149.851477 3.773300 0.359303 1 1 0 7008199590141318268 71703
20000000 10 21902 16226.000000 80.000000 22928.000000 149.206157 3.913270 0.347463 1 1 0 7008199590141318268 67229
20000000 10 11815 8816.000000 44.000000 22348.000000 147.481851 3.766026 0.295165 1 1 0 7008199590141318268 53809
20000000 10 6708 3725.000000 42.000000 28158.000000 148.400654 4.633767 0.281944 1 1 0 7008199590141318268 53829
20000000 10 3016 1414.000000 22.000000 25104.000000 148.865847 4.126867 0.248150 1 1 0 7008199590141318268 49357
20000000 10 14715 9239.000000 72.000000 23280.000000 147.628272 3.947830 0.333079 1 1 0 7008199590141318268 62757
20000000 10 15166 8618.000000 108.000000 28140.000000 148.191694 4.716494 0.353498 1 1 0 7008199590141318268 71707
20000000 10 4239 1304.000000 40.000000 31276.000000 150.461457 5.103768 0.246557 1 1 0 7008199590141318268 53809
20000000 10 8490 4971.000000 60.000000 26686.000000 150.212319 4.416608 0.283064 1 1 0 7008199590141318268 58299
20000000 10 15105 11898.000000 50.000000 15436.000000 147.844160 2.764320 0.360805 1 1 0 7008199590141318268 58285
20000000 10 10226 6944.000000 52.000000 21824.000000 148.241742 3.703812 0.316678 1 1 0 7008199590141318268 58283
20000000 10 11411 8620.000000 34.000000 27190.000000 150.385555 4.514491 0.297816 1 1 0 7008199590141318268 53829
20000000 10 9675 6204.000000 58.000000 23864.000000 150.320560 4.031253 0.319652 1 1 0 7008199590141318268 58287
20000000 10 9026 5435.000000 62.000000 26310.000000 148.676666 4.382126 0.270591 1 1 0 7008199590141318268 58289
20000000 10 8793 6074.000000 34.000000 19500.000000 147.823034 3.314442 0.281176 1 1 0 7008199590141318268 53815
20000000 50 24950 14613.000000 132.000000 25040.000000 149.190626 4.303841 0.397902 1 1 0 7008199590141318268 80689
20000000 50 30026 23707.000000 103.000000 22117.000000 147.337209 3.885378 0.430321 1 1 0 7008199590141318268 67187
20000000 50 13731 7695.000000 92.000000 26296.000000 150.011800 4.385307 0.304992 1 1 0 7008199590141318268 67199
20000000 50 18243 12399.000000 87.000000 21297.000000 149.388550 3.700415 0.390318 1 1 0 7008199590141318268 67203
20000000 50 26582 19562.000000 123.000000 23961.000000 151.097425 4.111577 0.388563 1 1 0 7008199590141318268 80687
20000000 50 12899 7351.000000 76.000000 23980.000000 147.649572 4.037667 0.318956 1 1 0 7008199590141318268 62807
20000000 50 23560 17836.000000 82.000000 26270.000000 150.708264 4.401529 0.336705 1 1 0 7008199590141318268 67277
20000000 50 8243 5260.000000 42.000000 27740.000000 153.399064 4.548811 0.261337 1 1 0 7008199590141318268 53863
20000000 50 20001 14085.000000 88.000000 26624.000000 150.457426 4.502870 0.346870 1 1 0 7008199590141318268 67279
20000000 50 16539 10647.000000 88.000000 27186.000000 152.147034 4.557317 0.341545 1 1 0 7008199590141318268 67277
20000000 50 24848 18244.000000 110.000000 23154.000000 150.456324 3.966868 0.367087 1 1 0 7008199590141318268 76159
20000000 50 15877 10465.000000 72.000000 28480.000000 151.045549 4.733938 0.309422 1 1 0 7008199590141318268 67183
20000000 50 18934 12746.000000 98.000000 24232.000000 149.313378 4.099659 0.333806 1 1 0 7008199590141318268 71751
20000000 50 21962 14926.000000 126.000000 26770.000000 150.480279 4.562603 0.388919 1 1 0 7008199590141318268 76213
20000000 50 12192 6548.000000 80.000000 28464.000000 149.253565 4.740368 0.325609 1 1 0 7008199590141318268 62715
20000000 50 7693 5979.000000 26.000000 26708.000000 151.377369 4.390386 0.249320 1 1 0 7008199590141318268 49297
20000000 50 16022 10202.000000 86.000000 22774.000000 148.691022 3.867748 0.327939 1 1 0 7008199590141318268 62781
20000000 50 4596 1613.000000 42.000000 27050.000000 150.968745 4.446750 0.254243 1 1 0 7008199590141318268 53817
20000000 50 27595 21087.000000 108.000000 23382.000000 148.973940 4.034520 0.368000 1 1 0 7008199590141318268 76203
20000000 50 19584 13764.000000 84.000000 22402.000000 148.778584 3.835611 0.348317 1 1 0 7008199590141318268 67285
20000000 50 23294 17218.000000 92.000000 25076.000000 148.779651 4.251603 0.355010 1 1 0 7008199590141318268 76179
20000000 50 11628 8293.000000 54.000000 24852.000000 147.241352 4.139123 0.284185 1 1 0 7008199590141318268 58327
20000000 50 32077 25273.000000 119.000000 26339.000000 150.588728 4.435662 0.343952 1 1 0 7008199590141318268 67285
20000000 50 17831 11640.000000 98.000000 25468.000000 151.643436 4.292465 0.336446 1 1 0 7008199590141318268 67231
20000000 50 14832 11209.000000 62.000000 25534.000000 151.226391 4.278199 0.300841 1 1 0 7008199590141318268 62761
20000000 50 47656 37103.000000 142.000000 20324.000000 150.397865 3.547160 0.377038 1 1 0 7008199590141318268 85087
20000000 50 12488 6749.000000 82.000000 28562.000000 149.366407 4.787907 0.347043 1 1 0 7008199590141318268 62731
20000000 50 13308 7689.000000 78.000000 28960.000000 149.421755 4.815650 0.308309 1 1 0 7008199590141318268 62789
20000000 50 34290 27910.000000 104.000000 23322.000000 150.526923 4.008591 0.373372 1 1 0 7008199590141318268 71701
20000000 50 19613 13374.000000 99.000000 24437.000000 151.045215 4.185380 0.353430 1 1 0 7008199590141318268 71749
20000000 50 6694 3900.000000 36.000000 22424.000000 151.162630 3.765742 0.271455 1 1 0 7008199590141318268 53779
20000000 50 19872 13260.000000 111.000000 23571.000000 152.548055 4.016395 0.351816 1 1 0 7008199590141318268 71739
20000000 50 85069 73772.000000 165.000000 25265.000000 152.318288 4.344934 0.397985 1 1 0 7008199590141318268 71685
20000000 50 17125 11201.000000 88.000000 27078.000000 152.546321 4.547398 0.330485 1 1 0 7008199590141318268 67249
20000000 50 26023 19275.000000 116.000000 21884.000000 150.019743 3.800047 0.392623 1 1 0 7008199590141318268 76149
20000000 50 33974 23189.000000 149.000000 24277.000000 151.129145 4.154128 0.372776 1 1 0 7008199590141318268 85121
20000000 50 15936 10481.000000 72.000000 25348.000000 152.227269 4.270016 0.328256 1 1 0 7008199590141318268 62775
20000000 50 18138 12366.000000 84.000000 29704.000000 150.867345 4.936602 0.326799 1 1 0 7008199590141318268 62793
20000000 50 18267 12591.000000 80.000000 25548.000000 150.640111 4.327780 0.348205 1 1 0 7008199590141318268 67191
20000000 50 25437 14812.000000 142.000000 26268.000000 152.190332 4.515355 0.399882 1 1 0 7008199590141318268 80637
20000000 50 6141 3062.000000 46.000000 24918.000000 149.255207 4.132577 0.259413 1 1 0 7008199590141318268 53863
20000000 50 15726 10274.000000 72.000000 25370.000000 151.372332 4.327410 0.372820 1 1 0 7008199590141318268 62805
20000000 50 12809 9282.000000 60.000000 26876.000000 152.646254 4.457671 0.286442 1 1 0 7008199590141318268 58259
20000000 50 17551 12107.000000 74.000000 26794.000000 150.609808 4.471939 0.319630 1 1 0 7008199590141318268 58241
20000000 50 10862 7311.000000 62.000000 23306.000000 150.933904 3.909344 0.270055 1 1 0 7008199590141318268 58339
20000000 50 18697 13293.000000 70.000000 21190.000000 149.918070 3.638094 0.340611 1 1 0 7008199590141318268 62737
20000000 50 6506 3568.000000 40.000000 28882.000000 150.030039 4.743513 0.268941 1 1 0 7008199590141318268 53869
20000000 50 13683 8207.000000 72.000000 28266.000000 149.868179 4.704965 0.314624 1 1 0 7008199590141318268 62769
20000000 50 43358 32437.000000 153.000000 27193.000000 151.460031 4.642914 0.397325 1 1 0 7008199590141318268 76141
20000000 50 29445 19012.000000 136.000000 28830.000000 148.199047 4.907029 0.403345 1 1 0 7008199590141318268 80643
20000000 100 22437 15521.000000 122.000000 23842.000000 148.160647 4.090641 0.376666 1 1 0 7008199590141318268 76119
20000000 100 8933 5942.000000 42.000000 26148.000000 153.019678 4.334932 0.275639 1 1 0 7008199590141318268 53719
20000000 100 22935 16843.000000 93.000000 21127.000000 149.690170 3.655224 0.364481 1 1 0 7008199590141318268 67185
20000000 100 146280 134215.000000 191.000000 27589.000000 152.376896 4.719414 0.425058 1 1 0 7008199590141318268 76161
20000000 100 25071 18395.000000 114.000000 24808.000000 151.645282 4.198772 0.343061 1 1 0 7008199590141318268 76091
20000000 100 21256 16036.000000 66.000000 27132.000000 151.361158 4.517573 0.314928 1 1 0 7008199590141318268 58239
20000000 100 32615 25923.000000 114.000000 24826.000000 151.329373 4.226435 0.367415 1 1 0 7008199590141318268 71611
20000000 100 17489 11669.000000 86.000000 26630.000000 152.265345 4.457745 0.325970 1 1 0 7008199590141318268 67159
20000000 100 29916 18627.000000 164.000000 27088.000000 152.926928 4.623318 0.402728 1 1 0 7008199590141318268 89635
20000000 100 12928 9297.000000 64.000000 26738.000000 150.138286 4.447857 0.308609 1 1 0 7008199590141318268 58377
20000000 100 37008 26727.000000 130.000000 29550.000000 153.028339 4.941602 0.350416 1 1 0 7008199590141318268 71627
20000000 100 7536 4718.000000 36.000000 26404.000000 150.537991 4.374090 0.278488 1 1 0 7008199590141318268 53871
20000000 100 15311 9691.000000 78.000000 25034.000000 149.377383 4.240448 0.339139 1 1 0 7008199590141318268 62665
20000000 100 51826 41009.000000 149.000000 27757.000000 151.251172 4.723042 0.388425 1 1 0 7008199590141318268 76151
20000000 100 33002 27055.000000 90.000000 24430.000000 150.086951 4.127585 0.322628 1 1 0 7008199590141318268 62673
20000000 100 21955 15207.000000 114.000000 26162.000000 148.367495 4.475393 0.392204 1 1 0 7008199590141318268 76087
20000000 100 37068 26403.000000 143.000000 22481.000000 150.482965 3.919095 0.413856 1 1 0 7008199590141318268 85153
20000000 100 15421 9433.000000 90.000000 28652.000000 148.597244 4.770762 0.325452 1 1 0 2334675641886140786 67301
20000000 100 26663 20691.000000 92.000000 27916.000000 151.199383 4.658923 0.320332 1 1 0 2334675641886140786 62857
20000000 100 24689 18333.000000 102.000000 24070.000000 150.006079 4.118745 0.359472 1 1 0 2334675641886140786 71803
20000000 100 18457 11781.000000 112.000000 28488.000000 148.270087 4.800853 0.377685 1 1 0 2334675641886140786 71763
20000000 100 28852 18507.000000 132.000000 26548.000000 152.076816 4.512268 0.383284 1 1 0 2334675641886140786 80665
20000000 100 25072 18708.000000 102.000000 25540.000000 147.660381 4.333880 0.360556 1 1 0 2334675641886140786 71785
20000000 100 24527 18387.000000 96.000000 19680.000000 148.450526 3.464369 0.383243 1 1 0 2334675641886140786 71619
20000000 100 37990 27621.000000 134.000000 24866.000000 151.459677 4.270331 0.399384 1 1 0 2334675641886140786 76159
20000000 100 23198 16266.000000 122.000000 24610.000000 147.524372 4.209355 0.384998 1 1 0 2334675641886140786 76275
20000000 100 17335 10835.000000 108.000000 23916.000000 151.893233 4.074090 0.352604 1 1 0 2334675641886140786 71779
20000000 100 16067 12780.000000 52.000000 18696.000000 151.905581 3.241077 0.335712 1 1 0 2334675641886140786 58325
20000000 100 13630 8058.000000 76.000000 23404.000000 152.078628 3.960504 0.326772 1 1 0 2334675641886140786 62679
20000000 100 15258 9894.000000 70.000000 24896.000000 149.258114 4.168812 0.294562 1 1 0 2334675641886140786 62721
20000000 100 23155 16431.000000 114.000000 23216.000000 151.577440 3.986970 0.378126 1 1 0 2334675641886140786 76105
20000000 100 16138 9782.000000 106.000000 19986.000000 150.773241 3.493943 0.388619 1 1 0 2334675641886140786 71739
20000000 100 24016 17500.000000 108.000000 20248.000000 148.645814 3.514851 0.357793 1 1 0 2334675641886140786 76269
20000000 100 65649 55305.000000 135.000000 28047.000000 152.140980 4.698627 0.329871 1 1 0 2334675641886140786 67327
20000000 100 17448 11828.000000 79.000000 22865.000000 148.299605 3.875557 0.314060 1 1 0 2334675641886140786 62795
20000000 100 24697 18573.000000 96.000000 20856.000000 148.172948 3.607001 0.352093 1 1 0 2334675641886140786 71617
20000000 100 27926 21162.000000 118.000000 25140.000000 147.805491 4.252741 0.335833 1 1 0 2334675641886140786 71717
20000000 100 16464 10524.000000 88.000000 24900.000000 150.878576 4.223655 0.350831 1 1 0 2334675641886140786 67317
20000000 100 19631 14267.000000 70.000000 21636.000000 150.312209 3.708762 0.346862 1 1 0 2334675641886140786 62665
20000000 100 16313 10373.000000 88.000000 26646.000000 149.114504 4.492879 0.344172 1 1 0 2334675641886140786 67145
20000000 100 17111 10803.000000 102.000000 26044.000000 148.718275 4.392948 0.345020 1 1 0 2334675641886140786 71715
20000000 100 36861 30729.000000 95.000000 20417.000000 147.861145 3.530329 0.349992 1 1 0 2334675641886140786 67159
20000000 100 17504 11468.000000 92.000000 23570.000000 147.443094 4.022313 0.357641 1 1 0 2334675641886140786 67137
20000000 100 8491 5604.000000 38.000000 26422.000000 150.631837 4.388788 0.284818 1 1 0 2334675641886140786 53723
20000000 100 25256 18940.000000 103.000000 26185.000000 148.058141 4.443450 0.358964 1 1 0 2334675641886140786 67307
20000000 100 33837 22265.000000 174.000000 27324.000000 151.493770 4.658726 0.396960 1 1 0 2334675641886140786 89593
20000000 100 16078 10250.000000 85.000000 26477.000000 148.470763 4.435714 0.315759 1 1 0 2334675641886140786 71699
20000000 100 18163 11759.000000 104.000000 28148.000000 149.164058 4.745361 0.365518 1 1 0 2334675641886140786 71645
20000000 100 28253 21289.000000 124.000000 26140.000000 151.510130 4.400430 0.336261 1 1 0 2334675641886140786 71729
20000000 100 17010 11022.000000 90.000000 23364.000000 152.085052 3.985212 0.350164 1 1 0 2334675641886140786 67183
20000000 500 65221 53361.000000 183.000000 20737.000000 149.373618 3.673411 0.429137 1 1 0 2334675641886140786 94381
20000000 500 24922 19038.000000 85.000000 29205.000000 150.824266 4.726639 0.314685 1 1 0 2334675641886140786 71659
20000000 500 46307 34066.000000 196.000000 25036.000000 139.088545 4.241747 0.430257 1 1 0 2334675641886140786 98255
20000000 500 45892 39280.000000 113.000000 26577.000000 139.272856 4.318827 0.291723 1 1 0 2334675641886140786 66889
20000000 500 26677 20433.000000 101.000000 22537.000000 139.585470 3.718305 0.299826 1 1 0 2334675641886140786 62327
20000000 500 58718 48085.000000 144.000000 23434.000000 139.138380 3.943576 0.375518 1 1 0 2334675641886140786 80971
20000000 500 17425 10677.000000 116.000000 26668.000000 139.952397 4.386108 0.346090 1 1 0 2334675641886140786 71377
20000000 500 59328 47623.000000 180.000000 26130.000000 138.672858 4.380457 0.405963 1 1 0 2334675641886140786 89779
20000000 500 25166 18098.000000 125.000000 30185.000000 141.089034 4.931503 0.353640 1 1 0 2334675641886140786 76095
20000000 500 47736 41372.000000 105.000000 25579.000000 140.971899 4.198874 0.316265 1 1 0 2334675641886140786 63263
20000000 500 44721 33944.000000 147.000000 23763.000000 139.327851 3.988827 0.378802 1 1 0 2334675641886140786 84635
20000000 500 19111 13099.000000 92.000000 23554.000000 141.479999 3.960177 0.337098 1 1 0 2334675641886140786 66751
20000000 500 51077 39500.000000 178.000000 26468.000000 139.182419 4.423840 0.397368 1 1 0 2334675641886140786 85551
20000000 500 82864 71247.000000 178.000000 24546.000000 140.094840 4.120316 0.391190 1 1 0 2334675641886140786 76245
20000000 500 23811 16759.000000 125.000000 26663.000000 141.907301 4.413426 0.374101 1 1 0 2334675641886140786 76609
20000000 500 21374 14786.000000 110.000000 26024.000000 138.892067 4.283608 0.340093 1 1 0 2334675641886140786 71681
20000000 500 23493 17217.000000 101.000000 28215.000000 138.231347 4.603972 0.337527 1 1 0 2334675641886140786 67739
20000000 500 40434 30097.000000 132.000000 26072.000000 142.234742 4.321411 0.365765 1 1 0 2334675641886140786 76273
20000000 500 23311 16691.000000 111.000000 24437.000000 138.452538 4.055885 0.342322 1 1 0 2334675641886140786 71545
20000000 500 73552 62879.000000 147.000000 20833.000000 138.953581 3.570406 0.407965 1 1 0 2334675641886140786 72151
20000000 500 62015 49942.000000 191.000000 28223.000000 138.804344 4.672292 0.386856 1 1 0 2334675641886140786 89395
20000000 500 38608 27951.000000 143.000000 25135.000000 140.433138 4.205030 0.385678 1 1 0 2334675641886140786 80303
20000000 500 29121 22053.000000 128.000000 24486.000000 138.430592 4.093976 0.377545 1 1 0 2334675641886140786 75849
20000000 500 25657 19253.000000 104.000000 25576.000000 138.703577 4.203698 0.331308 1 1 0 2334675641886140786 71223
20000000 500 274682 249204.000000 446.000000 31538.000000 138.910116 5.352329 0.506737 1 1 0 2334675641886140786 84721
20000000 500 56357 49433.000000 124.000000 24388.000000 139.274997 4.049281 0.346837 1 1 0 2334675641886140786 67563
20000000 500 16079 12536.000000 60.000000 30124.000000 139.624422 4.823576 0.270602 1 1 0 2334675641886140786 57895
20000000 500 20479 14139.000000 101.000000 27803.000000 138.697790 4.485064 0.279777 1 1 0 2334675641886140786 72045
20000000 500 336380 294801.000000 572.000000 27090.000000 138.604130 4.795169 0.621480 1 1 0 2334675641886140786 80425
20000000 500 27185 20629.000000 111.000000 24461.000000 139.864157 4.050975 0.338865 1 1 0 2334675641886140786 71267
20000000 500 41587 29386.000000 194.000000 27946.000000 140.328517 4.663223 0.419146 1 1 0 2334675641886140786 98629
20000000 500 22748 16488.000000 98.000000 28812.000000 139.437984 4.691359 0.335366 1 1 0 2334675641886140786 67685
20000000 500 23078 16018.000000 126.000000 22698.000000 138.334959 3.797407 0.355063 1 1 0 2334675641886140786 76079
20000000 500 32363 28716.000000 64.000000 24758.000000 139.364688 3.997567 0.250722 1 1 0 2334675641886140786 58791
20000000 500 29403 23119.000000 101.000000 23579.000000 139.119221 3.919715 0.338686 1 1 0 2334675641886140786 67735
20000000 500 39392 27504.000000 183.000000 30113.000000 139.177760 4.989839 0.410679 1 1 0 2334675641886140786 89873
20000000 500 33174 26242.000000 122.000000 25096.000000 139.033341 4.165287 0.361250 1 1 0 2334675641886140786 76293
20000000 500 18312 11908.000000 104.000000 27202.000000 139.517110 4.453645 0.337419 1 1 0 2334675641886140786 71209
20000000 500 35199 29371.000000 86.000000 25464.000000 139.382243 4.161664 0.307836 1 1 0 2334675641886140786 66771
20000000 500 28043 21599.000000 106.000000 22850.000000 139.171189 3.822848 0.353022 1 1 0 2334675641886140786 76347
20000000 500 163591 142929.000000 273.000000 27549.000000 141.898023 4.781335 0.461908 1 1 0 2334675641886140786 89785
20000000 500 47742 35501.000000 197.000000 28989.000000 149.035581 4.928266 0.411337 1 1 0 2334675641886140786 80917
20000000 500 273582 260149.000000 240.000000 23648.000000 148.720994 4.139967 0.429708 1 1 0 2334675641886140786 71583
20000000 500 61207 49174.000000 190.000000 18886.000000 147.377961 3.410563 0.441851 1 1 0 2334675641886140786 107045
20000000 500 44510 37474.000000 127.000000 26451.000000 150.212666 4.491376 0.363188 1 1 0 2334675641886140786 67523
20000000 500 40992 30087.000000 152.000000 26916.000000 150.533278 4.567991 0.378528 1 1 0 2334675641886140786 85031
20000000 500 45373 34428.000000 153.000000 22437.000000 147.468097 3.926200 0.418564 1 1 0 2334675641886140786 85213
20000000 500 42429 32145.000000 132.000000 27798.000000 150.680339 4.684209 0.345358 1 1 0 2334675641886140786 72119
20000000 500 34614 24069.000000 141.000000 20577.000000 148.394926 3.614372 0.398522 1 1 0 2334675641886140786 85577
20000000 500 58384 51388.000000 126.000000 20170.000000 149.234098 3.511410 0.360737 1 1 0 2334675641886140786 62289
20000000 1000 47267 35466.000000 181.000000 26367.000000 147.510533 4.554988 0.445313 1 1 0 2334675641886140786 94015
20000000 1000 52658 42209.000000 140.000000 20146.000000 149.784035 3.534475 0.388612 1 1 0 2334675641886140786 81643
20000000 1000 58299 47458.000000 148.000000 20442.000000 150.034386 3.586440 0.393211 1 1 0 2334675641886140786 75277
20000000 1000 23949 18329.000000 78.000000 23174.000000 149.110115 3.955333 0.340116 1 1 0 2334675641886140786 63551
20000000 1000 63901 52708.000000 164.000000 28308.000000 149.327374 4.793381 0.382399 1 1 0 2334675641886140786 77175
20000000 1000 36493 26012.000000 136.000000 29240.000000 149.586616 4.935581 0.384620 1 1 0 2338616625293650208 81587
20000000 1000 181633 158955.000000 346.000000 26534.000000 152.050835 4.655736 0.500310 1 1 0 2338616625293650208 72583
20000000 1000 51771 40010.000000 182.000000 22574.000000 148.107788 3.952606 0.425605 1 1 0 2338616625293650208 94649
20000000 1000 88716 77299.000000 170.000000 20798.000000 147.292309 3.707796 0.432959 1 1 0 2338616625293650208 84737
20000000 1000 102108 91835.000000 132.000000 24636.000000 154.195587 4.238849 0.393837 1 1 0 2338616625293650208 67283
20000000 1000 46565 35764.000000 149.000000 23769.000000 160.436910 4.126178 0.388553 1 1 0 2338616625293650208 79709
20000000 1000 98488 85207.000000 234.000000 29632.000000 157.215062 5.086004 0.445103 1 1 0 2338616625293650208 80871
20000000 1000 63613 51892.000000 178.000000 24306.000000 151.634040 4.266776 0.444072 1 1 0 2338616625293650208 93513
20000000 1000 27127 20531.000000 109.000000 26081.000000 155.996106 4.501814 0.388193 1 1 0 2338616625293650208 72701
20000000 1000 52920 41999.000000 151.000000 25039.000000 156.233803 4.327040 0.416759 1 1 0 2338616625293650208 90285
20000000 1000 41583 30326.000000 162.000000 24812.000000 147.954653 4.192047 0.411119 1 1 0 2338616625293650208 89761
20000000 1000 134151 113041.000000 297.000000 29477.000000 147.134518 5.025842 0.479537 1 1 0 2338616625293650208 77023
20000000 1000 96408 84311.000000 194.000000 24030.000000 153.470852 4.151026 0.416170 1 1 0 2338616625293650208 80265
20000000 1000 68502 54749.000000 247.000000 26783.000000 155.932735 4.575772 0.459287 1 1 0 2338616625293650208 99031
20000000 1000 24511 18171.000000 104.000000 24402.000000 155.154468 4.064581 0.335883 1 1 0 2338616625293650208 68247
20000000 1000 162340 140438.000000 314.000000 28896.000000 144.487752 4.902814 0.487808 1 1 0 2338616625293650208 76369
20000000 1000 104343 92134.000000 198.000000 19678.000000 142.195907 3.632091 0.467177 1 1 0 2338616625293650208 93191
20000000 1000 182453 160231.000000 327.000000 20801.000000 165.244200 3.829623 0.521814 1 1 0 2338616625293650208 76131
20000000 1000 53644 41923.000000 180.000000 29472.000000 157.447064 5.036861 0.398444 1 1 0 2338616625293650208 88869
20000000 1000 41183 30838.000000 134.000000 25326.000000 156.070194 4.402099 0.392129 1 1 0 2338616625293650208 72141
20000000 1000 31782 24714.000000 126.000000 25054.000000 165.137055 4.319967 0.386350 1 1 0 2338616625293650208 77099
20000000 1000 34756 29213.000000 74.000000 26920.000000 163.205476 4.373148 0.282618 1 1 0 2338616625293650208 62015
20000000 1000 298521 275395.000000 370.000000 21064.000000 150.734005 3.806980 0.433769 1 1 0 2338616625293650208 72471
20000000 1000 50250 39417.000000 149.000000 23529.000000 164.705104 4.149493 0.422299 1 1 0 2338616625293650208 80329
20000000 1000 63894 51685.000000 194.000000 25500.000000 163.837817 4.492775 0.462856 1 1 0 2338616625293650208 93983
20000000 1000 46750 35693.000000 156.000000 26848.000000 161.130113 4.605132 0.422027 1 1 0 2338616625293650208 81189
20000000 1000 54342 43077.000000 164.000000 28442.000000 157.791688 4.813696 0.377711 1 1 0 2338616625293650208 85579
20000000 1000 30330 23622.000000 116.000000 28850.000000 146.996319 4.780368 0.327911 1 1 0 2338616625293650208 68001
20000000 1000 33086 22869.000000 132.000000 26450.000000 147.318023 4.388391 0.332422 1 1 0 2338616625293650208 71141
20000000 1000 291569 268411.000000 361.000000 26133.000000 144.344742 4.528667 0.494506 1 1 0 2338616625293650208 85787
20000000 1000 139976 118186.000000 315.000000 29281.000000 148.601560 4.969473 0.471067 1 1 0 2338616625293650208 93717
20000000 1000 22817 16221.000000 111.000000 20315.000000 145.422388 3.467512 0.363828 1 1 0 2338616625293650208 75303
20000000 1000 38178 26729.000000 171.000000 29659.000000 147.539699 4.903055 0.381307 1 1 0 2338616625293650208 88647
20000000 1000 40168 33721.000000 107.000000 28991.000000 148.049872 4.726720 0.313488 1 1 0 2338616625293650208 66693
20000000 1000 120973 109116.000000 188.000000 17226.000000 146.922113 3.063861 0.414161 1 1 0 2338616625293650208 90579
20000000 1000 25841 19917.000000 89.000000 25611.000000 147.462543 4.211227 0.313014 1 1 0 2338616625293650208 66257
20000000 1000 41096 30663.000000 138.000000 26622.000000 142.342378 4.400792 0.347787 1 1 0 2338616625293650208 76595
20000000 1000 46720 35415.000000 165.000000 26717.000000 143.845980 4.487975 0.389247 1 1 0 2338616625293650208 88695
20000000 1000 59975 47462.000000 205.000000 24311.000000 147.141759 4.152624 0.434829 1 1 0 2338616625293650208 98003
20000000 1000 58680 45920.000000 211.000000 26113.000000 147.888810 4.432204 0.452671 1 1 0 2338616625293650208 103127
20000000 1000 200269 180183.000000 257.000000 23125.000000 148.670695 3.981569 0.444184 1 1 0 2338616625293650208 90351
20000000 1000 60232 49671.000000 145.000000 26047.000000 147.425547 4.285119 0.318275 1 1 0 2338616625293650208 63117
20000000 1000 129377 117792.000000 176.000000 22802.000000 145.212820 3.852119 0.379383 1 1 0 2338616625293650208 90057
20000000 1000 29035 22063.000000 123.000000 28621.000000 146.711440 4.751033 0.369180 1 1 0 2338616625293650208 71511
20000000 1000 35490 29126.000000 104.000000 22790.000000 144.212381 3.837891 0.342344 1 1 0 2338616625293650208 66717
