Sting Size|Edit Dist |Comm (bytes)|hash vec comm|Terminal comm|Actual Sym Diff|Time Tree(s)|Time Recon(s)|Time Backtrack (included in Time Recon) (s)|Str Recon True|Tree Heap SIze|High Water Heap|Rsync time|Rsync Comm
100000 1000 56927 168.000000 17517.000000 441 0.361260 0.310364 0.002871 1 0 0 0.001000 7070
100000 1000 103269 112.000000 16774.000000 324 0.361175 0.854265 0.002503 1 0 0 0.001000 4734
100000 1000 45225 120.000000 4529.000000 200 0.368648 0.440684 0.002325 1 0 0 0.001000 3388
100000 1000 104205 136.000000 18624.000000 43 0.367673 0.951246 0.002543 1 0 0 0.001000 5670
100000 1000 72024 160.000000 15748.000000 132 0.369438 0.645540 0.005991 1 0 0 0.001000 5512
100000 1000 64291 136.000000 14563.000000 248 0.369979 0.489685 0.004762 1 0 0 0.001000 4478
100000 1000 67224 152.000000 8123.000000 55 0.369583 0.671032 0.005058 1 0 0 0.001000 4788
100000 1000 78770 128.000000 7470.000000 60 0.373711 0.791169 0.004287 1 0 0 0.001000 5332
100000 1000 85611 176.000000 10459.000000 88 0.370507 0.834702 0.006370 1 0 0 0.001000 7070
100000 1000 69126 152.000000 8824.000000 108 0.373440 0.631406 0.004596 1 0 0 0.001000 6762
100000 1000 164526 528.000000 16604.000000 168 0.366084 1.565871 0.005633 1 0 0 0.001000 4090
100000 1000 103229 168.000000 12206.000000 111 0.369890 0.988827 0.004797 1 0 0 0.001000 5546
100000 1000 139772 192.000000 17524.000000 213 0.369466 1.334803 0.005668 1 0 0 0.001000 8996
100000 1000 98193 176.000000 22752.000000 77 0.370484 0.813912 0.007168 1 0 0 0.001000 9114
100000 1000 233303 296.000000 13045.000000 238 0.370275 2.430968 0.003930 1 0 0 0.001000 7070
100000 1000 121768 192.000000 19645.000000 69 0.374839 1.125049 0.006469 1 0 0 0.001000 9076
100000 1000 126882 296.000000 11997.000000 109 0.357339 1.280703 0.007706 1 0 0 0.001000 9706
100000 1000 143476 328.000000 16910.000000 108 0.366883 1.384003 0.007310 1 0 0 0.001000 7886
100000 1000 125273 264.000000 27789.000000 94 0.376594 1.053223 0.008526 1 0 0 0.001000 11270
100000 1000 170875 528.000000 19322.000000 153 0.374837 1.639209 0.007919 1 0 0 0.001000 6374
100000 1000 124952 312.000000 9857.000000 116 0.370729 1.243169 0.008360 1 0 0 0.001000 7770
100000 1000 153191 216.000000 14827.000000 75 0.370506 1.525985 0.007977 1 0 0 0.001000 8396
100000 1000 172963 216.000000 83454.000000 72 0.034344 0.941422 0.004515 1 0 0 0.001000 2174
100000 1000 132446 376.000000 11306.000000 163 0.370678 1.362488 0.008695 1 0 0 0.001000 8466
100000 1000 174666 184.000000 17541.000000 99 0.369389 1.780274 0.007439 1 0 0 0.001000 5670
100000 1000 63911 112.000000 4857.000000 74 0.372048 0.660336 0.005140 1 0 0 0.001000 5046
100000 1000 106804 168.000000 20399.000000 69 0.371918 0.974190 0.006402 1 0 0 0.001000 6910
100000 1000 100456 200.000000 8639.000000 123 0.369960 1.041167 0.006443 1 0 0 0.001000 4992
100000 1000 52026 72.000000 9331.000000 123 0.366087 0.460562 0.005629 1 0 0 0.001000 5462
100000 1000 121172 232.000000 29700.000000 204 0.372214 0.946465 0.008729 1 0 0 0.001000 11962
100000 1000 153453 168.000000 31912.000000 69 0.373469 1.361571 0.006527 1 0 0 0.001000 9170
100000 1000 83021 168.000000 13799.000000 74 0.375590 0.767046 0.008194 1 0 0 0.001000 7070
100000 1000 65987 120.000000 16761.000000 72 0.368147 0.544039 0.004344 1 0 0 0.001000 5524
100000 1000 174308 312.000000 22668.000000 157 0.371931 1.645273 0.008034 1 0 0 0.001000 7070
100000 1000 160877 216.000000 20719.000000 101 0.368983 1.527982 0.007371 1 0 0 0.001000 7774
100000 1000 211837 184.000000 27252.000000 185 0.367971 2.044494 0.006734 1 0 0 0.001000 7070
100000 1000 130132 216.000000 24354.000000 83 0.371958 1.138091 0.004419 1 0 0 0.001000 9870
100000 1000 157279 456.000000 20391.000000 223 0.368716 1.462060 0.006577 1 0 0 0.001000 10562
100000 1000 87230 240.000000 31152.000000 76 0.368266 0.583696 0.007971 1 0 0 0.001000 8606
100000 1000 60669 192.000000 15504.000000 103 0.368367 0.472416 0.007928 1 0 0 0.001000 6374
100000 1000 155684 232.000000 11489.000000 155 0.372151 1.662022 0.007346 1 0 0 0.001000 7116
100000 1000 168428 240.000000 24061.000000 87 0.377257 1.558355 0.007112 1 0 0 0.001000 10570
100000 1000 152170 248.000000 7788.000000 128 0.371826 1.619878 0.007350 1 0 0 0.001000 7366
100000 1000 82698 200.000000 13975.000000 93 0.390886 0.751701 0.008336 1 0 0 0.001000 7710
100000 1000 199528 328.000000 18561.000000 145 0.371607 2.008341 0.007820 1 0 0 0.001000 8474
100000 1000 101711 160.000000 14496.000000 56 0.372984 0.976819 0.008227 1 0 0 0.001000 7074
100000 1000 162376 192.000000 15652.000000 79 0.373533 1.616709 0.010094 1 0 0 0.001000 7774
100000 1000 187807 296.000000 11155.000000 184 0.371161 1.962726 0.009085 1 0 0 0.001000 9870
100000 1000 102409 128.000000 12612.000000 48 0.373477 1.021223 0.009184 1 0 0 0.001000 6238
100000 1000 83041 176.000000 17447.000000 75 0.372502 0.716228 0.007742 1 0 0 0.001000 7070
100000 1000 67934 128.000000 13928.000000 54 0.376281 0.601107 0.008758 1 0 0 0.001000 6930
100000 1000 146443 232.000000 23390.000000 68 0.034341 1.295119 0.010251 1 0 0 0.001000 2030
100000 1000 95019 168.000000 11082.000000 77 0.372265 0.989039 0.009061 1 0 0 0.001000 6366
100000 1000 81565 112.000000 27471.000000 43 0.369565 0.595957 0.010282 1 0 0 0.001000 6296
100000 1000 63159 168.000000 20811.000000 63 0.372489 0.446280 0.010660 1 0 0 0.031000 8304
100000 1000 126126 208.000000 29531.000000 85 0.368696 1.040193 0.007405 1 0 0 0.001000 10570
100000 1000 128994 232.000000 9806.000000 174 0.374946 1.370786 0.009202 1 0 0 0.001000 5504
100000 1000 130111 240.000000 12573.000000 168 0.368940 1.329196 0.011256 1 0 0 0.001000 9170
100000 1000 50034 120.000000 7306.000000 82 0.373612 0.488766 0.010412 1 0 0 0.001000 5218
100000 1000 157944 240.000000 14067.000000 94 0.369576 1.604327 0.010202 1 0 0 0.001000 10554
100000 1000 137295 152.000000 98975.000000 58 0.034351 0.399858 0.006280 1 0 0 0.001000 2106
100000 1000 149534 248.000000 8727.000000 177 0.368388 1.571425 0.014493 1 0 0 0.001000 5350
100000 1000 193697 272.000000 28375.000000 221 0.365873 1.806924 0.011809 1 0 0 0.001000 9866
100000 1000 121003 128.000000 48039.000000 89 0.301348 0.784724 0.011162 1 0 0 0.001000 7050
100000 1000 62362 136.000000 7400.000000 54 0.374651 0.660128 0.012723 1 0 0 0.001000 4148
100000 1000 299123 408.000000 9589.000000 193 0.370540 3.318949 0.013006 1 0 0 0.001000 6296
100000 1000 149362 224.000000 20726.000000 81 0.386112 1.415493 0.012394 1 0 0 0.001000 10526
100000 1000 110001 16.000000 100000.000000 10 0.157027 0.118122 0.002061 1 0 0 0.003000 2174
100000 1000 112478 184.000000 15861.000000 85 0.371591 1.067209 0.010247 1 0 0 0.001000 8886
100000 1000 215051 256.000000 18198.000000 102 0.357677 2.190084 0.013314 1 0 0 0.001000 9178
100000 1000 94227 184.000000 20393.000000 108 0.371394 0.808405 0.011992 1 0 0 0.001000 9698
100000 1000 69709 120.000000 19591.000000 57 0.378140 0.555497 0.011081 1 0 0 0.001000 6416
100000 1000 104272 176.000000 10556.000000 56 0.377421 1.080477 0.012768 1 0 0 0.001000 5184
100000 1000 87495 128.000000 20882.000000 62 0.376494 0.703019 0.010675 1 0 0 0.001000 8314
100000 1000 86047 192.000000 18982.000000 59 0.378409 0.760167 0.012699 1 0 0 0.001000 7774
100000 1000 87560 192.000000 12911.000000 66 0.374131 0.864502 0.011585 1 0 0 0.001000 7774
100000 1000 239955 320.000000 29695.000000 176 0.378915 2.320977 0.009817 1 0 0 0.001000 9866
100000 1000 96246 312.000000 19496.000000 77 0.034370 0.785068 0.013879 1 0 0 0.001000 2140
100000 1000 48276 96.000000 9371.000000 105 0.374341 0.445330 0.008958 1 0 0 0.001000 5270
100000 1000 168034 320.000000 19770.000000 105 0.372857 1.647025 0.011626 1 0 0 0.001000 6164
100000 1000 143663 224.000000 29288.000000 143 0.369516 1.232549 0.011145 1 0 0 0.001000 7770
100000 1000 114353 216.000000 27627.000000 63 0.376262 0.960841 0.011345 1 0 0 0.001000 7074
100000 1000 151138 184.000000 11186.000000 74 0.375720 1.585317 0.008984 1 0 0 0.001000 7770
100000 1000 92275 168.000000 15775.000000 86 0.375974 0.854515 0.009355 1 0 0 0.001000 6970
100000 1000 221349 312.000000 20627.000000 171 0.372197 2.195634 0.010082 1 0 0 0.001000 10570
100000 1000 182609 360.000000 32414.000000 112 0.375465 1.663750 0.012789 1 0 0 0.001000 7774
100000 1000 99207 216.000000 20582.000000 73 0.375072 0.845962 0.010535 1 0 0 0.001000 8384
100000 1000 120866 160.000000 24771.000000 136 0.370061 1.072618 0.006604 1 0 0 0.001000 5354
100000 1000 111337 240.000000 15687.000000 67 0.373879 1.082819 0.007728 1 0 0 0.001000 7070
100000 1000 280537 496.000000 20824.000000 244 0.374394 2.920992 0.017906 1 0 0 0.001000 9166
100000 1000 185385 272.000000 14106.000000 202 0.370461 1.906815 0.012215 1 0 0 0.001000 8466
100000 1000 112404 176.000000 19652.000000 101 0.370407 0.995469 0.014131 1 0 0 0.001000 5192
100000 1000 69783 136.000000 29895.000000 60 0.377606 0.430585 0.011872 1 0 0 0.001000 7770
100000 1000 244265 512.000000 29012.000000 187 0.374728 2.334784 0.014239 1 0 0 0.001000 12048
100000 1000 118269 200.000000 11534.000000 74 0.379914 1.177910 0.008733 1 0 0 0.001000 9698
100000 1000 155007 224.000000 29045.000000 73 0.377570 1.415886 0.016174 1 0 0 0.001000 9744
100000 1000 127879 240.000000 30812.000000 114 0.377796 1.066540 0.011492 1 0 0 0.001000 11958
100000 1000 65569 160.000000 22950.000000 97 0.372217 0.457758 0.010553 1 0 0 0.001000 8466
100000 1000 96457 168.000000 9289.000000 142 0.376450 0.969659 0.013694 1 0 0 0.001000 6238
100000 1000 77055 136.000000 17850.000000 69 0.371980 0.639497 0.011179 1 0 0 0.001000 5614
300000 1000 74555 136.000000 3426.000000 697 1.918860 0.883642 0.014644 1 0 0 0.001000 6240
300000 1000 182711 352.000000 29997.000000 246 1.995899 1.786747 0.014773 1 0 0 0.001000 11572
300000 1000 0 0 0 0 0 0 0 0 0 0 0 0
300000 1000 125250 304.000000 22759.000000 150 2.017917 1.156536 0.021781 1 0 0 0.001000 11318
300000 1000 0 0 0 0 0 0 0 0 0 0 0 0
300000 1000 370381 1152.000000 20333.000000 349 2.001375 4.144907 0.027052 1 0 0 0.001000 14460
300000 1000 256179 840.000000 25738.000000 280 1.932578 2.639942 0.019788 1 0 0 0.001000 12144
300000 1000 116735 240.000000 12270.000000 142 1.863820 1.385600 0.019872 1 0 0 0.001000 8936
300000 1000 122761 320.000000 14411.000000 159 1.897984 1.389324 0.016345 1 0 0 0.001000 11612
300000 1000 0 0 0 0 0 0 0 0 0 0 0 0
300000 1000 78145 240.000000 10144.000000 194 1.982110 0.820873 0.015931 1 0 0 0.001000 11486
300000 1000 513375 976.000000 58620.000000 1042 1.924626 5.188373 0.016394 1 0 0 0.001000 9510
300000 1000 159350 296.000000 10769.000000 173 1.865235 1.958849 0.018620 1 0 0 0.001000 9446
300000 1000 179586 352.000000 9998.000000 489 1.867443 2.405474 0.025022 1 0 0 0.001000 9040
300000 1000 178299 456.000000 6697.000000 628 1.893337 2.061310 0.021766 1 0 0 0.059000 10964
300000 1000 481218 1520.000000 38375.000000 885 1.892649 4.975144 0.021791 1 0 0 0.001000 9042
300000 1000 165208 384.000000 13950.000000 355 1.928671 1.844525 0.020418 1 0 0 0.001000 13088
300000 1000 155822 328.000000 10405.000000 540 1.852900 1.861077 0.024986 1 0 0 0.001000 9682
300000 1000 105249 224.000000 14842.000000 274 2.008407 1.136685 0.016269 1 0 0 0.001000 9242
300000 1000 175348 360.000000 15228.000000 522 1.990612 1.927853 0.021488 1 0 0 0.001000 13802
300000 1000 216430 560.000000 14751.000000 620 1.892830 2.436012 0.025444 1 0 0 0.001000 9722
300000 1000 357824 1304.000000 22907.000000 881 1.945635 3.910111 0.032977 1 0 0 0.001000 10948
300000 1000 190415 336.000000 25960.000000 152 1.952413 2.162461 0.022020 1 0 0 0.001000 11624
300000 1000 195115 600.000000 20062.000000 290 1.977291 2.032236 0.023639 1 0 0 0.001000 12258
300000 1000 289059 488.000000 13225.000000 683 1.930600 3.384477 0.025454 1 0 0 0.001000 11290
300000 1000 231620 312.000000 100122.000000 295 1.620860 1.527457 0.026712 1 0 0 0.001000 8980
300000 1000 149177 280.000000 7321.000000 291 1.975876 1.822751 0.019158 1 0 0 0.001000 10438
300000 1000 137202 208.000000 17861.000000 95 2.011992 1.417817 0.023325 1 0 0 0.001000 10368
300000 1000 129596 264.000000 14199.000000 138 2.027152 1.420550 0.018847 1 0 0 0.001000 11138
300000 1000 139995 232.000000 6120.000000 118 1.944609 1.820635 0.022117 1 0 0 0.013000 8440
300000 1000 0 0 0 0 0 0 0 0 0 0 0 0
300000 1000 138738 280.000000 28714.000000 272 2.002328 1.340526 0.022023 1 0 0 0.001000 9024
300000 1000 142383 200.000000 3906.000000 532 1.877782 1.714288 0.019836 1 0 0 0.001000 7122
300000 1000 0 0 0 0 0 0 0 0 0 0 0 0
300000 1000 155533 328.000000 9144.000000 466 1.879624 1.807431 0.019946 1 0 0 0.001000 8856
300000 1000 249613 3024.000000 75435.000000 487 2.062001 1.771070 0.043372 1 0 0 0.001000 8354
300000 1000 164472 544.000000 11896.000000 539 1.917749 2.042338 0.024856 1 0 0 0.001000 11480
300000 1000 357967 920.000000 24997.000000 236 1.971012 3.996871 0.030221 1 0 0 0.001000 14510
300000 1000 157107 344.000000 10400.000000 597 1.910387 1.822933 0.028876 1 0 0 0.001000 12376
300000 1000 135720 312.000000 18806.000000 137 2.004537 1.468946 0.021956 1 0 0 0.001000 13116
300000 1000 112561 288.000000 13965.000000 285 1.988326 1.189927 0.021856 1 0 0 0.001000 10322
300000 1000 103216 216.000000 21747.000000 107 2.082767 1.019454 0.025417 1 0 0 0.001000 9256
300000 1000 109755 320.000000 28172.000000 115 2.009013 1.101837 0.021462 1 0 0 0.001000 11968
300000 1000 159842 176.000000 7493.000000 790 1.958830 1.778430 0.023024 1 0 0 0.001000 6942
300000 1000 131398 280.000000 21114.000000 139 1.931161 1.466654 0.021333 1 0 0 0.001000 10064
300000 1000 217728 344.000000 64615.000000 295 1.681159 1.823602 0.022500 1 0 0 0.001000 10070
300000 1000 110528 216.000000 22034.000000 338 1.996453 1.022817 0.024193 1 0 0 0.001000 10882
300000 1000 116829 240.000000 4514.000000 718 1.904041 1.425401 0.024494 1 0 0 0.001000 8212
300000 1000 142255 280.000000 17137.000000 210 2.007358 1.481801 0.019405 1 0 0 0.001000 10518
300000 1000 145211 312.000000 11890.000000 151 2.048773 1.608245 0.019630 1 0 0 0.001000 10918
300000 1000 392873 1632.000000 56163.000000 898 1.970282 3.825492 0.038556 1 0 0 0.001000 15130
300000 1000 160506 304.000000 12923.000000 322 1.987171 1.748635 0.017160 1 0 0 0.001000 11192
300000 1000 236449 368.000000 12312.000000 725 1.968908 2.784440 0.028454 1 0 0 0.001000 7636
300000 1000 226286 504.000000 13184.000000 944 1.934923 2.522930 0.026521 1 0 0 0.001000 7696
300000 1000 0 0 0 0 0 0 0 0 0 0 0 0
300000 1000 225362 288.000000 13162.000000 197 1.618537 2.761583 0.022824 1 0 0 0.001000 8124
300000 1000 261125 912.000000 48244.000000 408 1.997543 2.391994 0.026531 1 0 0 0.001000 13608
300000 1000 143279 312.000000 19501.000000 136 2.040195 1.499471 0.020681 1 0 0 0.001000 9882
300000 1000 80965 224.000000 11783.000000 270 1.961530 0.805524 0.024317 1 0 0 0.001000 8352
300000 1000 143742 312.000000 11696.000000 724 1.908199 1.527572 0.027668 1 0 0 0.001000 11000
300000 1000 106304 200.000000 10324.000000 429 1.944364 1.205479 0.023044 1 0 0 0.001000 8216
300000 1000 163800 336.000000 7389.000000 735 1.914047 1.823622 0.028192 1 0 0 0.001000 10710
300000 1000 339509 520.000000 11433.000000 566 1.923869 4.102802 0.030063 1 0 0 0.001000 9906
300000 1000 150451 320.000000 18588.000000 162 2.088325 1.553009 0.022304 1 0 0 0.001000 13808
300000 1000 164918 360.000000 12727.000000 380 1.968082 1.970248 0.025149 1 0 0 0.001000 11326
300000 1000 208466 400.000000 10658.000000 732 1.927095 2.385494 0.022976 1 0 0 0.001000 12166
300000 1000 153615 320.000000 14540.000000 365 1.962106 1.681455 0.023755 1 0 0 0.001000 9412
300000 1000 194085 344.000000 17189.000000 158 1.917253 2.310732 0.021894 1 0 0 0.001000 10906
300000 1000 163902 336.000000 22241.000000 263 2.013293 1.664403 0.020619 1 0 0 0.001000 13066
300000 1000 363796 1904.000000 33046.000000 598 1.974801 3.642558 0.040641 1 0 0 0.001000 8648
300000 1000 214612 440.000000 10005.000000 614 1.848115 2.632966 0.034429 1 0 0 0.001000 12124
300000 1000 208566 352.000000 13002.000000 462 1.949462 2.340472 0.030848 1 0 0 0.001000 12686
300000 1000 127920 208.000000 8481.000000 752 1.988407 1.437600 0.026699 1 0 0 0.001000 9354
300000 1000 218293 368.000000 25194.000000 174 2.055478 2.240184 0.024346 1 0 0 0.001000 13938
300000 1000 222396 608.000000 24930.000000 181 1.945838 2.304266 0.028402 1 0 0 0.001000 13940
300000 1000 0 0 0 0 0 0 0 0 0 0 0 0
300000 1000 77851 152.000000 7852.000000 208 1.989733 0.898111 0.025129 1 0 0 0.001000 7524
300000 1000 243995 424.000000 13325.000000 346 2.022670 2.828358 0.027113 1 0 0 0.001000 10754
300000 1000 163699 296.000000 10962.000000 383 1.950706 1.935827 0.029272 1 0 0 0.001000 11752
300000 1000 107595 264.000000 16850.000000 245 1.966328 1.158413 0.023511 1 0 0 0.001000 10968
300000 1000 111007 240.000000 5667.000000 582 1.926421 1.370196 0.028344 1 0 0 0.001000 9534
300000 1000 607517 2216.000000 134882.000000 1317 1.939683 4.990584 0.033123 1 0 0 0.001000 13438
300000 1000 273944 360.000000 21784.000000 546 1.978443 3.077260 0.020446 1 0 0 0.001000 9318
300000 1000 330562 1720.000000 31675.000000 527 1.984353 3.382031 0.041013 1 0 0 0.001000 11530
300000 1000 150413 160.000000 77776.000000 500 1.622604 0.985474 0.014282 1 0 0 0.001000 6940
300000 1000 214539 336.000000 43111.000000 150 1.993159 2.177377 0.025604 1 0 0 0.001000 10642
300000 1000 238115 408.000000 5220.000000 519 1.933343 2.997938 0.031267 1 0 0 0.001000 9164
300000 1000 175611 320.000000 12155.000000 502 1.922954 2.046564 0.024650 1 0 0 0.001000 7920
300000 1000 48116 80.000000 3395.000000 285 2.032110 0.575405 0.015458 1 0 0 0.001000 7522
300000 1000 119776 304.000000 18620.000000 138 1.999416 1.179674 0.025647 1 0 0 0.001000 12402
300000 1000 143967 312.000000 22743.000000 158 2.094454 1.464961 0.025135 1 0 0 0.001000 12398
300000 1000 180702 296.000000 10053.000000 475 1.935972 2.222869 0.031066 1 0 0 0.001000 8820
300000 1000 357691 856.000000 43602.000000 816 1.943515 3.615408 0.033442 1 0 0 0.001000 11554
300000 1000 382396 848.000000 27016.000000 414 1.970504 4.214956 0.034570 1 0 0 0.001000 10300
300000 1000 308650 1088.000000 15048.000000 771 1.979513 3.439916 0.033026 1 0 0 0.001000 12154
300000 1000 148001 336.000000 13200.000000 611 1.956153 1.816585 0.029520 1 0 0 0.045000 10610
300000 1000 142881 328.000000 3414.000000 573 1.941817 1.866303 0.020057 1 0 0 0.001000 7180
300000 1000 61657 160.000000 4505.000000 275 1.962019 0.793289 0.018556 1 0 0 0.001000 8214
300000 1000 207592 320.000000 15576.000000 131 1.967279 2.484606 0.019838 1 0 0 0.001000 10850
300000 1000 223543 432.000000 13472.000000 378 1.986305 2.493097 0.019539 1 0 0 0.060000 10506
900000 1000 106436 232.000000 38410.000000 369 4.621549 0.784424 0.035637 1 0 0 0.001000 18398
900000 1000 90918 184.000000 64616.000000 251 4.772550 0.257142 0.036323 1 0 0 0.001000 19232
900000 1000 112739 208.000000 62679.000000 273 4.851994 0.558942 0.033049 1 0 0 0.001000 20040
900000 1000 132041 144.000000 84297.000000 287 4.837507 0.526311 0.034090 1 0 0 0.001000 16794
900000 1000 867943 176.000000 830091.000000 78 0.297988 0.419695 0.032695 1 0 0 0.001000 9926
900000 1000 107534 168.000000 35875.000000 298 4.560295 0.835515 0.042915 1 0 0 0.001000 15374
900000 1000 210031 320.000000 37418.000000 388 3.860391 1.889492 0.034286 1 0 0 0.001000 15322
900000 1000 95836 144.000000 68138.000000 286 4.713552 0.285114 0.034259 1 0 0 0.001000 18806
900000 1000 225725 112.000000 142619.000000 192 3.892965 0.913047 0.018073 1 0 0 0.001000 14334
900000 1000 167698 160.000000 69147.000000 182 4.682554 1.126420 0.036467 1 0 0 0.001000 16016
900000 1000 99792 144.000000 35187.000000 169 4.632474 0.750253 0.026221 1 0 0 0.001000 15776
900000 1000 140885 208.000000 76008.000000 243 4.826813 0.717138 0.037352 1 0 0 0.001000 20012
900000 1000 114189 160.000000 63150.000000 128 4.751567 0.578353 0.034030 1 0 0 0.001000 16282
900000 1000 157990 208.000000 94706.000000 258 4.737181 0.704722 0.032773 1 0 0 0.001000 20202
900000 1000 219032 112.000000 197243.000000 162 4.733583 0.249614 0.032576 1 0 0 0.001000 18204
900000 1000 79411 136.000000 24975.000000 285 4.617559 0.642739 0.034111 1 0 0 0.001000 15820
900000 1000 34365 72.000000 11955.000000 166 4.810259 0.284507 0.029668 1 0 0 0.001000 11676
900000 1000 205945 352.000000 95619.000000 169 4.616459 1.281309 0.037463 1 0 0 0.001000 17746
900000 1000 123140 168.000000 82514.000000 175 4.707439 0.473179 0.040439 1 0 0 0.001000 18926
900000 1000 150620 176.000000 105945.000000 192 4.773740 0.491992 0.038461 1 0 0 0.001000 18534
900000 1000 114357 128.000000 62919.000000 268 4.631451 0.585505 0.035806 1 0 0 0.001000 13620
900000 1000 169238 216.000000 84613.000000 190 4.738212 0.958887 0.036590 1 0 0 0.001000 20860
900000 1000 79932 104.000000 29927.000000 178 4.447631 0.597003 0.025327 1 0 0 0.001000 15384
900000 1000 173292 272.000000 121838.000000 247 4.599569 0.584188 0.039361 1 0 0 0.001000 22866
900000 1000 112708 144.000000 31138.000000 206 4.599631 0.989853 0.035346 1 0 0 0.001000 17094
900000 1000 136034 200.000000 69167.000000 218 4.616086 0.810262 0.037704 1 0 0 0.001000 18042
900000 1000 113618 104.000000 92247.000000 185 4.738655 0.256700 0.034093 1 0 0 0.001000 14364
900000 1000 64708 112.000000 25671.000000 252 4.637909 0.497683 0.035968 1 0 0 0.001000 13500
900000 1000 116072 160.000000 39041.000000 160 4.820404 0.878822 0.035698 1 0 0 0.001000 16830
900000 1000 201264 296.000000 81513.000000 272 4.738201 1.389964 0.039402 1 0 0 0.001000 19620
900000 1000 911882 40.000000 901000.000000 42 0.295418 0.162617 0.027514 1 0 0 0.001000 10058
900000 1000 137557 184.000000 54790.000000 144 4.751162 0.993842 0.040928 1 0 0 0.001000 18342
900000 1000 82639 120.000000 29259.000000 232 4.789838 0.589836 0.034781 1 0 0 0.001000 14408
900000 1000 84633 144.000000 29414.000000 244 4.591878 0.626039 0.027658 1 0 0 0.001000 15394
900000 1000 167090 208.000000 88436.000000 170 4.764841 0.914061 0.041334 1 0 0 0.001000 19480
900000 1000 149561 176.000000 64198.000000 146 4.634584 0.993036 0.037726 1 0 0 0.001000 17640
900000 1000 171869 200.000000 125090.000000 174 4.778175 0.504979 0.037536 1 0 0 0.001000 18308
900000 1000 249534 176.000000 150621.000000 76 3.930810 1.166316 0.027158 1 0 0 0.001000 17274
900000 1000 134158 144.000000 107655.000000 273 4.946438 0.262447 0.035666 1 0 0 0.001000 16914
900000 1000 99469 256.000000 18999.000000 298 4.553281 0.971150 0.037434 1 0 0 0.001000 13934
900000 1000 113213 136.000000 33569.000000 122 4.755777 0.941139 0.035658 1 0 0 0.001000 16466
900000 1000 717773 224.000000 507851.000000 228 1.422184 2.330214 0.019512 1 0 0 0.001000 13646
900000 1000 62730 112.000000 36431.000000 132 4.592024 0.334505 0.034661 1 0 0 0.001000 15276
900000 1000 117359 184.000000 67828.000000 192 4.568291 0.587739 0.036630 1 0 0 0.001000 18268
900000 1000 87611 152.000000 41401.000000 206 4.636608 0.567552 0.037039 1 0 0 0.001000 15778
900000 1000 116334 128.000000 51446.000000 183 4.781232 0.714816 0.037719 1 0 0 0.001000 16746
900000 1000 127460 232.000000 78821.000000 342 4.824252 0.484537 0.037265 1 0 0 0.001000 20366
900000 1000 128149 144.000000 82142.000000 282 4.889126 0.496416 0.038713 1 0 0 0.001000 20330
900000 1000 149409 192.000000 92606.000000 178 4.783733 0.631974 0.040080 1 0 0 0.001000 20016
900000 1000 147373 184.000000 105249.000000 168 4.752392 0.507201 0.038095 1 0 0 0.001000 16756
900000 1000 114717 248.000000 63348.000000 290 4.702263 0.568243 0.041644 1 0 0 0.001000 20644
900000 1000 167655 168.000000 88963.000000 136 4.743146 0.915109 0.038622 1 0 0 0.001000 18974
900000 1000 341344 776.000000 178716.000000 320 4.811245 1.721426 0.040910 1 0 0 0.001000 27290
900000 1000 146580 200.000000 65642.000000 165 4.633586 0.960840 0.038685 1 0 0 0.001000 14390
900000 1000 115212 208.000000 30685.000000 208 4.627605 0.987606 0.038239 1 0 0 0.001000 17832
900000 1000 164573 208.000000 55564.000000 276 4.699844 1.288276 0.039784 1 0 0 0.001000 17322
900000 1000 155356 224.000000 44761.000000 269 4.497932 1.340053 0.038727 1 0 0 0.001000 18604
900000 1000 70034 160.000000 24247.000000 212 4.412734 0.511501 0.027385 1 0 0 0.001000 16176
900000 1000 107680 136.000000 50162.000000 178 4.626547 0.716540 0.038195 1 0 0 0.001000 16336
900000 1000 133408 152.000000 26741.000000 300 4.578865 1.208587 0.034217 1 0 0 0.001000 14528
900000 1000 98125 152.000000 76237.000000 258 4.853549 0.216554 0.040640 1 0 0 0.001000 17574
900000 1000 795882 184.000000 692882.000000 68 0.294430 1.127775 0.028557 1 0 0 0.001000 10046
900000 1000 108805 168.000000 59567.000000 184 4.729225 0.556419 0.038615 1 0 0 0.001000 18464
900000 1000 194845 344.000000 69024.000000 327 4.508907 1.481453 0.042669 1 0 0 0.001000 24478
900000 1000 95298 224.000000 43610.000000 138 4.552826 0.651110 0.041171 1 0 0 0.001000 16394
900000 1000 91882 120.000000 64577.000000 206 4.717192 0.295625 0.038264 1 0 0 0.001000 15508
900000 1000 114430 184.000000 64836.000000 147 4.648309 0.600512 0.034835 1 0 0 0.001000 16644
900000 1000 363368 160.000000 328997.000000 58 0.293485 0.377943 0.016913 1 0 0 0.001000 10052
900000 1000 84970 128.000000 46744.000000 316 4.594688 0.451361 0.035695 1 0 0 0.001000 13792
900000 1000 194924 280.000000 68704.000000 126 4.570795 1.520286 0.041298 1 0 0 0.001000 21036
900000 1000 79123 128.000000 54792.000000 288 4.703049 0.268232 0.035202 1 0 0 0.001000 16888
900000 1000 131618 144.000000 88438.000000 168 4.582180 0.495874 0.033134 1 0 0 0.001000 15384
900000 1000 179074 216.000000 110800.000000 254 4.677827 0.808082 0.039673 1 0 0 0.001000 20112
900000 1000 108114 192.000000 58880.000000 232 4.762664 0.564583 0.041737 1 0 0 0.001000 17216
900000 1000 103028 200.000000 35522.000000 192 4.647283 0.790929 0.028929 1 0 0 0.001000 16312
900000 1000 786176 176.000000 716489.000000 55 0.293557 0.775540 0.028765 1 0 0 0.001000 10052
900000 1000 128909 184.000000 40079.000000 236 4.694741 1.050919 0.039554 1 0 0 0.001000 16118
900000 1000 161324 152.000000 112997.000000 217 4.682261 0.551508 0.039860 1 0 0 0.001000 15300
900000 1000 633731 200.000000 561698.000000 68 0.293370 0.806668 0.027236 1 0 0 0.001000 10046
900000 1000 131761 136.000000 37543.000000 136 4.679777 1.107688 0.038256 1 0 0 0.001000 13414
900000 1000 92607 112.000000 33145.000000 140 4.747902 0.736856 0.037843 1 0 0 0.001000 14420
900000 1000 187381 216.000000 105211.000000 154 4.739329 0.969542 0.041004 1 0 0 0.001000 21848
900000 1000 81405 168.000000 55908.000000 246 4.686740 0.278559 0.039370 1 0 0 0.001000 16840
900000 1000 101212 184.000000 32565.000000 261 4.506062 0.826308 0.037465 1 0 0 0.001000 14142
900000 1000 103145 184.000000 79051.000000 220 4.822743 0.271543 0.042248 1 0 0 0.001000 19002
900000 1000 122902 176.000000 25678.000000 136 4.203586 1.185736 0.042899 1 0 0 0.001000 14764
900000 1000 110958 128.000000 90135.000000 160 4.697652 0.267846 0.040912 1 0 0 0.001000 18728
900000 1000 179436 200.000000 96719.000000 143 4.716950 0.965974 0.041087 1 0 0 0.001000 20646
900000 1000 108363 184.000000 45965.000000 264 4.679309 0.742957 0.042915 1 0 0 0.001000 19196
900000 1000 311134 328.000000 87929.000000 194 3.522573 2.464202 0.042283 1 0 0 0.001000 16492
900000 1000 92102 272.000000 61344.000000 290 4.694299 0.329244 0.031927 1 0 0 0.001000 20870
900000 1000 89498 144.000000 48009.000000 205 4.776031 0.434059 0.036381 1 0 0 0.001000 16760
900000 1000 123861 232.000000 40583.000000 186 4.603616 0.938592 0.042747 1 0 0 0.001000 19104
900000 1000 77421 88.000000 29272.000000 247 4.567376 0.579692 0.034285 1 0 0 0.001000 12672
900000 1000 200176 248.000000 155239.000000 240 4.812097 0.500165 0.044274 1 0 0 0.001000 25404
900000 1000 90763 192.000000 23220.000000 247 4.573675 0.854874 0.035386 1 0 0 0.001000 16242
900000 1000 114973 184.000000 86966.000000 291 4.918408 0.298778 0.044425 1 0 0 0.001000 17902
900000 1000 86237 160.000000 25489.000000 208 4.494658 0.749180 0.032832 1 0 0 0.001000 17378
900000 1000 205275 280.000000 69162.000000 166 4.696776 1.580759 0.044820 1 0 0 0.001000 22544
900000 1000 117400 136.000000 59055.000000 107 4.780506 0.714760 0.037420 1 0 0 0.001000 14104
2700000 1000 229159 344.000000 50309.000000 1109 24.915611 2.570526 0.083873 1 0 0 0.004000 30444
2700000 1000 115192 304.000000 34168.000000 326 25.198951 1.478911 0.068757 1 0 0 0.004000 34516
2700000 1000 182377 320.000000 35161.000000 1049 23.160066 2.240614 0.063662 1 0 0 0.004000 26916
2700000 1000 133849 200.000000 25145.000000 819 23.770177 2.112600 0.077661 1 0 0 0.004000 25514
2700000 1000 332910 520.000000 114689.000000 932 24.095386 3.248901 0.086890 1 0 0 0.004000 28884
2700000 1000 152777 248.000000 22565.000000 833 24.255696 2.094777 0.081499 1 0 0 0.004000 27102
2700000 1000 0 0 0 0 0 0 0 0 0 0 0 0
2700000 1000 347293 920.000000 27384.000000 303 22.665049 5.879495 0.100670 1 0 0 0.004000 35832
2700000 1000 75511 208.000000 21061.000000 242 25.004104 1.003888 0.085684 1 0 0 0.004000 24526
2700000 1000 417376 528.000000 143106.000000 450 2.451828 3.062946 0.062669 1 0 0 0.004000 16912
2700000 1000 0 0 0 0 0 0 0 0 0 0 0 0
2700000 1000 97997 120.000000 14705.000000 640 25.445502 1.249822 0.077334 1 0 0 0.004000 26392
2700000 1000 112936 160.000000 22795.000000 1692 23.723530 1.227190 0.070321 1 0 0 0.004000 22192
2700000 1000 160116 264.000000 22920.000000 1403 23.820022 2.172323 0.077851 1 0 0 0.004000 27024
2700000 1000 164364 352.000000 32898.000000 1010 24.544191 1.941360 0.093109 1 0 0 0.004000 29386
2700000 1000 159684 272.000000 28833.000000 940 25.161073 1.695794 0.104944 1 0 0 0.004000 32360
2700000 1000 113075 280.000000 30913.000000 1023 24.705071 1.088174 0.087688 1 0 0 0.004000 30552
2700000 1000 130726 152.000000 22460.000000 741 24.982680 1.618770 0.073654 1 0 0 0.004000 21112
2700000 1000 212133 424.000000 67348.000000 1337 23.768264 2.223387 0.083828 1 0 0 0.004000 30978
2700000 1000 223283 336.000000 77310.000000 181 25.114204 2.116377 0.097291 1 0 0 0.004000 32888
2700000 1000 135624 288.000000 33661.000000 218 23.498449 2.054982 0.086126 1 0 0 0.004000 30588
2700000 1000 218335 272.000000 33416.000000 640 24.568655 2.724053 0.089116 1 0 0 0.004000 32376
2700000 1000 89385 216.000000 10156.000000 818 22.952554 1.384496 0.081325 1 0 0 0.004000 25258
2700000 1000 235342 448.000000 33165.000000 999 23.542908 3.024570 0.095317 1 0 0 0.004000 37978
2700000 1000 163014 232.000000 18174.000000 711 23.514098 2.129992 0.069967 1 0 0 0.004000 25464
2700000 1000 226312 344.000000 77090.000000 278 24.277129 2.162376 0.091530 1 0 0 0.004000 32420
2700000 1000 140159 256.000000 16768.000000 865 22.618324 1.830833 0.089013 1 0 0 0.059000 28832
2700000 1000 538707 2016.000000 140427.000000 997 24.095831 5.349190 0.121405 1 0 0 0.004000 29188
2700000 1000 163332 216.000000 29107.000000 971 24.597948 1.876490 0.081654 1 0 0 0.004000 23340
2700000 1000 219085 392.000000 31023.000000 1349 24.321118 2.723734 0.104192 1 0 0 0.004000 38512
2700000 1000 0 0 0 0 0 0 0 0 0 0 0 0
2700000 1000 174550 272.000000 23214.000000 1289 23.493256 2.197247 0.072459 1 0 0 0.004000 27444
2700000 1000 972893 2328.000000 556908.000000 1295 23.784063 5.308970 0.131263 1 0 0 0.004000 29936
2700000 1000 207324 272.000000 26594.000000 1616 23.909657 2.333645 0.085486 1 0 0 0.004000 27556
2700000 1000 104321 192.000000 38152.000000 1183 25.673140 0.721117 0.089885 1 0 0 0.004000 30694
2700000 1000 0 0 0 0 0 0 0 0 0 0 0 0
2700000 1000 185905 280.000000 24473.000000 1068 23.951627 2.241320 0.090461 1 0 0 0.004000 32158
2700000 1000 175311 408.000000 25856.000000 391 23.694304 2.433546 0.106909 1 0 0 0.004000 34742
2700000 1000 170010 384.000000 28555.000000 781 24.052716 2.239559 0.097874 1 0 0 0.004000 35390
2700000 1000 133667 264.000000 39717.000000 769 25.425381 1.264925 0.090814 1 0 0 0.004000 33904
2700000 1000 226143 448.000000 35311.000000 1404 23.505524 3.041741 0.084209 1 0 0 0.049000 37500
2700000 1000 124336 288.000000 20673.000000 644 22.876921 2.077765 0.073042 1 0 0 0.004000 26110
2700000 1000 108643 80.000000 5911.000000 1231 23.615484 1.478019 0.059327 1 0 0 0.004000 20530
2700000 1000 167927 232.000000 20261.000000 1179 24.425137 2.002090 0.088933 1 0 0 0.004000 25466
2700000 1000 153408 192.000000 21909.000000 1410 22.775183 1.817515 0.077649 1 0 0 0.004000 23832
2700000 1000 650781 1032.000000 185254.000000 1142 5.859207 5.335419 0.081440 1 0 0 0.004000 19954
2700000 1000 192931 304.000000 26366.000000 690 24.590123 2.245038 0.088761 1 0 0 0.004000 31914
2700000 1000 184603 288.000000 27184.000000 990 24.933405 2.263389 0.100175 1 0 0 0.004000 32250
2700000 1000 184445 280.000000 22743.000000 212 24.609743 2.321502 0.095877 1 0 0 0.004000 30708
2700000 1000 173668 272.000000 29403.000000 271 25.526633 2.394664 0.096027 1 0 0 0.004000 29528
2700000 1000 83239 208.000000 25863.000000 161 25.010373 1.254514 0.090345 1 0 0 0.004000 27310
2700000 1000 142845 216.000000 23666.000000 730 24.403284 1.782215 0.089667 1 0 0 0.004000 23870
2700000 1000 133581 240.000000 17621.000000 1105 23.395196 2.030846 0.084854 1 0 0 0.004000 27436
2700000 1000 222330 384.000000 41501.000000 301 24.708392 2.767740 0.100138 1 0 0 0.004000 35326
2700000 1000 173311 328.000000 31562.000000 556 24.973099 2.056669 0.106606 1 0 0 0.004000 33860
2700000 1000 191754 272.000000 27494.000000 687 23.486223 2.422133 0.100321 1 0 0 0.004000 30386
2700000 1000 249173 360.000000 77706.000000 190 23.840897 2.710538 0.098631 1 0 0 0.004000 31384
2700000 1000 159229 240.000000 36727.000000 797 24.102626 1.920557 0.093141 1 0 0 0.004000 26882
2700000 1000 122024 184.000000 21570.000000 290 24.590290 1.744225 0.084819 1 0 0 0.004000 25794
2700000 1000 270523 488.000000 33177.000000 1276 23.374329 3.317639 0.113514 1 0 0 0.004000 37360
2700000 1000 227897 416.000000 26659.000000 1806 23.447893 3.091076 0.111398 1 0 0 0.004000 35680
2700000 1000 133947 152.000000 24653.000000 1501 22.847080 1.644963 0.064393 1 0 0 0.004000 22524
2700000 1000 187216 272.000000 23628.000000 799 23.517466 2.289679 0.096659 1 0 0 0.004000 30122
2700000 1000 932810 304.000000 832919.000000 461 18.053285 1.599400 0.076964 1 0 0 0.004000 26178
2700000 1000 170700 240.000000 31103.000000 190 25.047798 2.189657 0.101379 1 0 0 0.004000 27864
2700000 1000 325424 448.000000 68972.000000 1665 23.074291 3.393610 0.091500 1 0 0 0.004000 32340
2700000 1000 225815 288.000000 21251.000000 1097 23.511595 2.916007 0.091755 1 0 0 0.004000 30562
2700000 1000 0 0 0 0 0 0 0 0 0 0 0 0
2700000 1000 281032 520.000000 35117.000000 1391 23.604056 3.691361 0.101318 1 0 0 0.004000 36114
2700000 1000 157463 224.000000 20547.000000 184 23.394852 2.346886 0.097746 1 0 0 0.004000 26718
2700000 1000 0 0 0 0 0 0 0 0 0 0 0 0
2700000 1000 156766 312.000000 53197.000000 253 24.555888 1.705781 0.100648 1 0 0 0.004000 32954
2700000 1000 230436 392.000000 44274.000000 1008 23.912332 2.672949 0.104731 1 0 0 0.004000 34084
2700000 1000 91857 240.000000 17099.000000 255 25.340662 1.360085 0.096903 1 0 0 0.004000 28988
2700000 1000 184004 272.000000 16385.000000 1227 24.374561 2.532782 0.094503 1 0 0 0.004000 27306
2700000 1000 169395 256.000000 34601.000000 759 25.535197 1.981719 0.104602 1 0 0 0.004000 30148
2700000 1000 129930 272.000000 24951.000000 221 22.816046 2.153520 0.095876 1 0 0 0.004000 27074
2700000 1000 181462 312.000000 47870.000000 352 25.613064 2.280202 0.112088 1 0 0 0.004000 37814
2700000 1000 198182 432.000000 60144.000000 258 22.964689 2.896271 0.103751 1 0 0 0.004000 27212
2700000 1000 196299 336.000000 27488.000000 1592 23.785982 2.391892 0.090501 1 0 0 0.004000 33828
2700000 1000 193190 288.000000 24547.000000 909 23.609658 2.698925 0.090169 1 0 0 0.004000 27560
2700000 1000 0 0 0 0 0 0 0 0 0 0 0 0
2700000 1000 0 0 0 0 0 0 0 0 0 0 0 0
2700000 1000 160082 272.000000 15252.000000 1154 24.267015 2.039813 0.082790 1 0 0 0.004000 30546
2700000 1000 97540 248.000000 20645.000000 793 25.126043 1.164270 0.089480 1 0 0 0.004000 28498
2700000 1000 129614 128.000000 7983.000000 1154 24.586585 1.916687 0.082837 1 0 0 0.004000 23256
2700000 1000 123239 240.000000 7422.000000 1460 23.897904 1.943094 0.068992 1 0 0 0.004000 26330
2700000 1000 102644 192.000000 21987.000000 943 24.763539 0.977088 0.107268 1 0 0 0.004000 25452
2700000 1000 2509098 80.000000 2492643.000000 70 9.112289 0.355260 0.041103 1 0 0 0.004000 23730
2700000 1000 178083 248.000000 40237.000000 1210 25.117981 1.666035 0.100959 1 0 0 0.004000 30836
2700000 1000 175455 304.000000 41951.000000 712 24.452972 2.018045 0.103179 1 0 0 0.004000 28054
2700000 1000 167773 216.000000 33693.000000 1158 23.633782 1.953608 0.092322 1 0 0 0.004000 25712
2700000 1000 247885 352.000000 35632.000000 806 23.647272 2.983501 0.113962 1 0 0 0.004000 34492
2700000 1000 125989 144.000000 21132.000000 1133 22.207525 1.729437 0.083219 1 0 0 0.004000 20530
2700000 1000 150656 232.000000 16747.000000 944 23.898624 2.090030 0.088708 1 0 0 0.004000 28578
2700000 1000 205350 352.000000 28743.000000 1213 23.112524 2.755813 0.087641 1 0 0 0.004000 28592
2700000 1000 574896 1336.000000 121118.000000 882 24.709254 5.868656 0.136399 1 0 0 0.004000 30480
2700000 1000 0 0 0 0 0 0 0 0 0 0 0 0
2700000 1000 230991 296.000000 86745.000000 813 25.139436 2.161575 0.091568 1 0 0 0.004000 25178
2700000 1000 161402 376.000000 19139.000000 225 24.768750 2.430142 0.104420 1 0 0 0.004000 32740
8100000 1000 167203 168.000000 20746.000000 386 71.876569 2.192611 0.145304 1 0 0 0.012000 41884
8100000 1000 1358003 232.000000 1210051.000000 114 3.560875 1.780457 0.152146 1 0 0 0.012000 28988
8100000 1000 144338 160.000000 40796.000000 808 72.458462 1.509540 0.168885 1 0 0 0.012000 43436
8100000 1000 177569 200.000000 56195.000000 835 71.724780 1.677937 0.174267 1 0 0 0.012000 47746
8100000 1000 201502 208.000000 106566.000000 830 70.576908 1.298536 0.169072 1 0 0 0.012000 49114
8100000 1000 234819 320.000000 85887.000000 314 71.252503 2.277003 0.184415 1 0 0 0.012000 59618
8100000 1000 171659 184.000000 63528.000000 562 70.258872 1.768196 0.175762 1 0 0 0.012000 48358
8100000 1000 231844 248.000000 96635.000000 735 68.235952 2.069091 0.159672 1 0 0 0.012000 46706
8100000 1000 283087 248.000000 193739.000000 870 74.496987 1.111040 0.224596 1 0 0 0.012000 69036
8100000 1000 211122 160.000000 125548.000000 277 72.471373 1.372820 0.164215 1 0 0 0.012000 41022
8100000 1000 318682 240.000000 235306.000000 208 63.433762 1.538003 0.150127 1 0 0 0.012000 46448
8100000 1000 249868 312.000000 75027.000000 916 74.037351 2.359805 0.178862 1 0 0 0.012000 63040
8100000 1000 195113 296.000000 91348.000000 997 70.492514 1.386997 0.169032 1 0 0 0.012000 62386
8100000 1000 292971 312.000000 126751.000000 1102 70.508221 2.313504 0.191804 1 0 0 0.012000 62062
8100000 1000 263871 328.000000 71833.000000 1310 70.431296 2.449057 0.177109 1 0 0 0.012000 59006
8100000 1000 127858 160.000000 64566.000000 1016 72.400939 0.853694 0.167310 1 0 0 0.012000 42382
8100000 1000 227385 184.000000 127537.000000 250 69.981378 1.706783 0.169411 1 0 0 0.012000 48204
8100000 1000 197750 200.000000 66021.000000 716 70.175550 1.862058 0.183435 1 0 0 0.012000 46436
8100000 1000 225629 336.000000 109584.000000 523 68.641631 1.949821 0.186468 1 0 0 0.012000 53546
8100000 1000 325281 288.000000 129981.000000 1339 68.610430 2.435575 0.168053 1 0 0 0.012000 54048
8100000 1000 178500 208.000000 81699.000000 931 71.180447 1.435427 0.188038 1 0 0 0.012000 50614
8100000 1000 315929 224.000000 149121.000000 206 71.860548 2.418534 0.180655 1 0 0 0.012000 59962
8100000 1000 216263 328.000000 107916.000000 241 71.717522 1.835044 0.204267 1 0 0 0.012000 63090
8100000 1000 189769 272.000000 100109.000000 382 71.058268 1.472201 0.209302 1 0 0 0.012000 57904
8100000 1000 521172 368.000000 426484.000000 483 72.947008 1.442029 0.195809 1 0 0 0.012000 50448
8100000 1000 7635840 200.000000 7297076.000000 624 7.431240 4.066408 0.086899 1 0 0 0.012000 30936
8100000 1000 3287282 208.000000 3125434.000000 833 40.977948 2.130744 0.145349 1 0 0 0.012000 40554
8100000 1000 222364 192.000000 76425.000000 234 71.363300 2.099791 0.169734 1 0 0 0.012000 47584
8100000 1000 132337 144.000000 32010.000000 760 71.483955 1.457051 0.162183 1 0 0 0.012000 40828
8100000 1000 144956 160.000000 52779.000000 795 72.338961 1.364827 0.183267 1 0 0 0.012000 44818
8100000 1000 280966 336.000000 153680.000000 1522 71.090154 1.435759 0.194082 1 0 0 0.012000 62160
8100000 1000 138206 184.000000 30993.000000 486 69.027791 1.819724 0.167519 1 0 0 0.012000 44788
8100000 1000 401216 384.000000 327961.000000 929 70.952394 1.137941 0.193437 1 0 0 0.012000 46552
8100000 1000 378289 224.000000 62390.000000 2344 68.443846 3.664107 0.158220 1 0 0 0.012000 51404
8100000 1000 222947 216.000000 136803.000000 1040 68.933818 1.114219 0.201676 1 0 0 0.012000 48584
8100000 1000 258776 232.000000 156064.000000 544 72.670261 1.420158 0.223482 1 0 0 0.012000 59350
8100000 1000 148695 176.000000 60420.000000 1268 70.066826 1.109311 0.169151 1 0 0 0.012000 50562
8100000 1000 124657 136.000000 19674.000000 1086 71.734379 1.493006 0.160984 1 0 0 0.012000 39044
8100000 1000 7999006 184.000000 7906289.000000 118 3.562696 1.342490 0.216346 1 0 0 0.012000 28994
8100000 1000 191377 216.000000 68241.000000 1572 71.436020 1.462667 0.181969 1 0 0 0.012000 48126
8100000 1000 126184 120.000000 26242.000000 472 68.799048 1.786798 0.154496 1 0 0 0.012000 36194
8100000 1000 260762 280.000000 121235.000000 1220 71.063005 1.755728 0.202187 1 0 0 0.012000 53450
8100000 1000 251079 336.000000 114292.000000 1010 64.971768 1.832822 0.220149 1 0 0 0.012000 60138
8100000 1000 159717 144.000000 40746.000000 917 67.597605 1.955547 0.137497 1 0 0 0.012000 40796
8100000 1000 116945 232.000000 51776.000000 322 70.953857 1.250171 0.216451 1 0 0 0.012000 48640
8100000 1000 93030 80.000000 41975.000000 255 74.579447 0.991566 0.152400 1 0 0 0.012000 32504
8100000 1000 250003 232.000000 115050.000000 828 71.134619 1.808997 0.215871 1 0 0 0.012000 52356
8100000 1000 233717 304.000000 76255.000000 1914 70.027044 1.826747 0.195048 1 0 0 0.012000 52020
8100000 1000 177367 192.000000 73824.000000 468 72.500486 1.557413 0.215908 1 0 0 0.012000 45728
8100000 1000 338724 392.000000 145895.000000 584 68.321511 2.783792 0.214621 1 0 0 0.012000 64608
8100000 1000 283557 280.000000 102528.000000 493 72.306928 2.371058 0.213058 1 0 0 0.012000 57566
8100000 1000 248093 304.000000 132107.000000 670 70.783525 1.790518 0.215743 1 0 0 0.012000 59112
8100000 1000 195688 144.000000 65484.000000 1266 74.347280 1.490223 0.176816 1 0 0 0.012000 44742
8100000 1000 265437 240.000000 104096.000000 1974 71.995705 1.653895 0.189196 1 0 0 0.012000 53546
8100000 1000 2142894 384.000000 2005721.000000 128 3.554981 1.628422 0.143490 1 0 0 0.012000 28994
8100000 1000 192607 136.000000 71703.000000 1015 69.972588 1.717878 0.181758 1 0 0 0.012000 36200
8100000 1000 233151 384.000000 138472.000000 1124 70.359552 1.276036 0.219967 1 0 0 0.012000 68138
8100000 1000 208666 184.000000 108317.000000 1579 73.109207 1.101640 0.194410 1 0 0 0.012000 49544
8100000 1000 339776 248.000000 111201.000000 1372 68.390530 3.049272 0.205808 1 0 0 0.012000 52094
8100000 1000 203418 216.000000 60119.000000 948 69.397679 1.968076 0.180356 1 0 0 0.012000 49468
8100000 1000 140491 208.000000 89464.000000 198 72.553122 1.080188 0.203546 1 0 0 0.012000 51690
8100000 1000 194126 304.000000 63181.000000 606 67.828786 2.143880 0.195657 1 0 0 0.012000 53634
8100000 1000 245483 208.000000 122283.000000 292 72.905341 1.892474 0.191996 1 0 0 0.012000 52304
8100000 1000 259198 312.000000 53460.000000 1902 67.899459 2.757296 0.206483 1 0 0 0.012000 53920
8100000 1000 224154 240.000000 46497.000000 1728 69.159056 2.299888 0.208840 1 0 0 0.012000 55036
8100000 1000 186754 312.000000 72415.000000 920 69.977592 1.679446 0.213652 1 0 0 0.012000 54020
8100000 1000 312594 368.000000 128756.000000 1478 69.156707 2.477884 0.181779 1 0 0 0.012000 62932
8100000 1000 204371 208.000000 52903.000000 820 70.033986 2.074014 0.169965 1 0 0 0.012000 48370
8100000 1000 197923 184.000000 107472.000000 478 71.816410 1.428533 0.202635 1 0 0 0.012000 48558
8100000 1000 374014 312.000000 226431.000000 1348 67.161215 1.961200 0.200230 1 0 0 0.012000 50854
8100000 1000 207903 304.000000 91441.000000 838 73.098168 1.766452 0.192118 1 0 0 0.012000 62514
8100000 1000 1633222 280.000000 1478490.000000 300 59.790167 2.257694 0.181507 1 0 0 0.012000 53282
8100000 1000 200550 160.000000 64875.000000 1546 71.161932 1.521926 0.153689 1 0 0 0.012000 42106
8100000 1000 60666 112.000000 17349.000000 534 72.050912 0.856601 0.176480 1 0 0 0.012000 37990
8100000 1000 275301 288.000000 78300.000000 502 69.998950 2.853113 0.189763 1 0 0 0.012000 53600
8100000 1000 204121 256.000000 46088.000000 606 59.890647 2.125516 0.210276 1 0 0 0.012000 51862
8100000 1000 1003120 3064.000000 522175.000000 1498 71.039573 5.526752 0.264699 1 0 0 0.012000 59890
8100000 1000 208455 240.000000 47723.000000 897 71.643730 2.143975 0.187287 1 0 0 0.012000 51744
8100000 1000 155869 176.000000 56886.000000 1300 68.328562 1.233889 0.177058 1 0 0 0.012000 43796
8100000 1000 182502 272.000000 93100.000000 1138 72.707732 1.085011 0.199650 1 0 0 0.012000 54808
8100000 1000 182233 232.000000 36437.000000 1273 68.496424 2.056428 0.184328 1 0 0 0.012000 46512
8100000 1000 221731 288.000000 87663.000000 1876 68.614225 1.633465 0.181943 1 0 0 0.012000 57134
8100000 1000 1422190 360.000000 1179340.000000 941 56.263919 2.976842 0.172308 1 0 0 0.012000 44754
8100000 1000 98887 152.000000 35171.000000 670 69.995432 1.242694 0.181179 1 0 0 0.012000 39122
8100000 1000 70994 104.000000 42648.000000 212 71.579150 0.747908 0.196441 1 0 0 0.012000 36224
8100000 1000 147489 232.000000 21187.000000 785 68.787141 2.240150 0.139461 1 0 0 0.012000 46704
8100000 1000 250076 208.000000 81019.000000 1015 70.849085 2.321581 0.169385 1 0 0 0.012000 44734
8100000 1000 257613 280.000000 69588.000000 558 69.416205 2.783021 0.194477 1 0 0 0.012000 54090
8100000 1000 245034 288.000000 134662.000000 1414 72.434611 1.238952 0.213231 1 0 0 0.012000 62436
8100000 1000 161076 200.000000 34845.000000 1358 68.861682 1.643172 0.160508 1 0 0 0.012000 43844
8100000 1000 285857 304.000000 79632.000000 553 69.392490 2.833618 0.178195 1 0 0 0.012000 48652
8100000 1000 154609 216.000000 81814.000000 708 75.048580 1.074393 0.194977 1 0 0 0.012000 52336
8100000 1000 168469 256.000000 105611.000000 553 71.964474 1.026695 0.230976 1 0 0 0.012000 54418
8100000 1000 289182 200.000000 161990.000000 262 71.802463 1.828606 0.196472 1 0 0 0.012000 50820
8100000 1000 159713 160.000000 59769.000000 418 72.789762 1.514739 0.176235 1 0 0 0.012000 47746
8100000 1000 260957 240.000000 168128.000000 512 69.417890 1.628372 0.178038 1 0 0 0.012000 56568
8100000 1000 176071 152.000000 94182.000000 1000 71.070244 1.170184 0.182216 1 0 0 0.012000 44774
8100000 1000 201589 288.000000 122132.000000 646 72.745633 1.237261 0.224560 1 0 0 0.012000 63178
8100000 1000 163430 200.000000 70184.000000 886 72.048327 1.327227 0.203973 1 0 0 0.012000 47730
8100000 1000 128959 192.000000 61222.000000 645 69.062098 1.163893 0.192827 1 0 0 0.012000 44870
24300000 1000 631624 232.000000 60232.000000 3530 295.599678 8.004065 0.482330 1 0 0 0.037000 78142
24300000 1000 511358 544.000000 173820.000000 6940 306.730847 4.217472 0.510487 1 0 0 0.038000 94802
24300000 1000 339415 288.000000 60352.000000 6936 311.030785 3.241695 0.512967 1 0 0 0.037000 94704
24300000 1000 409043 408.000000 76018.000000 6952 296.930441 3.886820 0.537293 1 0 0 0.037000 103762
24300000 1000 519159 592.000000 76729.000000 8564 290.401915 6.853891 0.423177 1 0 0 0.037000 83044
24300000 1000 372753 312.000000 79452.000000 2758 296.332984 5.175620 0.448071 1 0 0 0.037000 99236
24300000 1000 322722 256.000000 38340.000000 5774 291.108438 4.713876 0.480921 1 0 0 0.037000 78798
24300000 1000 607131 320.000000 376037.000000 5118 288.434995 2.754055 0.546032 1 0 0 0.037000 73506
24300000 1000 3387332 376.000000 3124984.000000 2688 217.078808 3.882932 0.499796 1 0 0 0.037000 83192
24300000 1000 257718 176.000000 31335.000000 2948 289.536659 4.225249 0.400076 1 0 0 0.037000 78032
24300000 1000 143249 216.000000 35970.000000 1416 296.670065 3.559238 0.493881 1 0 0 0.037000 79532
24300000 1000 341661 392.000000 135527.000000 3347 303.600890 3.528234 0.613957 1 0 0 0.037000 108898
24300000 1000 371947 280.000000 69439.000000 5910 300.402332 3.776501 0.437325 1 0 0 0.038000 84688
24300000 1000 305658 344.000000 80133.000000 1996 269.405089 4.167451 0.446162 1 0 0 0.037000 94760
24300000 1000 187132 136.000000 30093.000000 3092 310.131532 2.561959 0.520707 1 0 0 0.037000 70164
24300000 1000 276551 256.000000 65674.000000 5170 307.913198 3.120034 0.557391 1 0 0 0.037000 82966
24300000 1000 401014 240.000000 51003.000000 8406 299.314740 4.400022 0.502747 1 0 0 0.037000 89006
24300000 1000 273549 320.000000 49764.000000 4866 300.516678 3.507045 0.518209 1 0 0 0.037000 89878
24300000 1000 236491 200.000000 48567.000000 3152 296.322179 3.493283 0.500941 1 0 0 0.037000 83218
24300000 1000 348601 464.000000 100182.000000 3553 312.277477 4.990254 0.590072 1 0 0 0.037000 117514
24300000 1000 13316935 208.000000 12880996.000000 2822 156.381648 6.837826 0.574383 1 0 0 0.037000 69160
24300000 1000 352926 288.000000 60756.000000 5803 332.688399 4.397513 0.529683 1 0 0 0.037000 84458
24300000 1000 570535 552.000000 133549.000000 6906 327.310785 8.006787 0.622508 1 0 0 0.040000 113282
24300000 1000 402700 296.000000 58147.000000 5612 308.679459 4.244329 0.532128 1 0 0 0.037000 93658
24300000 1000 1494981 312.000000 1104459.000000 5929 279.793227 5.984514 0.461534 1 0 0 0.037000 78736
24300000 1000 357010 216.000000 79904.000000 4522 308.551271 3.411714 0.575339 1 0 0 0.037000 84822
24300000 1000 333184 264.000000 45206.000000 4856 302.828054 4.491185 0.500898 1 0 0 0.037000 89232
24300000 1000 276352 224.000000 31392.000000 3681 326.771242 4.495232 0.540970 1 0 0 0.037000 79986
24300000 1000 421901 272.000000 38150.000000 8216 313.961106 6.036006 0.414718 1 0 0 0.038000 84374
24300000 1000 335493 208.000000 37778.000000 6322 348.660524 4.475090 0.430606 1 0 0 0.037000 75094
24300000 1000 308965 216.000000 21913.000000 5049 346.405596 4.336982 0.499256 1 0 0 0.037000 73184
24300000 1000 641700 352.000000 199973.000000 8538 277.840066 5.527438 0.450548 1 0 0 0.038000 84938
24300000 1000 431210 216.000000 91642.000000 6726 310.484597 3.678399 0.434871 1 0 0 0.037000 69990
24300000 1000 427274 392.000000 150823.000000 5280 307.898017 4.169768 0.446678 1 0 0 0.037000 79258
