Str Size|Edit Diff|Comm (bits)|Time Set(s)|Time Str(s)|Str Recon True
100000 0.000100 139356 0.012939 7.717932 1
100000 0.000500 141422 0.013514 6.758738 1
100000 0.001000 137468 0.014842 6.437494 1
100000 0.005000 156658 0.016105 6.447143 1
100000 0.010000 162386 0.016667 6.735585 1
100000 0.050000 483630 0.047950 8.174953 1
400000 0.000100 136538 0.024796 12.946860 1
400000 0.000500 202950 0.048376 13.323592 1
400000 0.001000 280455 0.063997 12.466771 1
400000 0.005000 284397 0.065719 13.524104 1
400000 0.010000 207062 0.053259 12.548189 1
400000 0.050000 558772 0.130725 14.419563 1
800000 0.000100 144232 0.039826 15.487287 1
800000 0.000500 199425 0.067206 15.840579 1
800000 0.001000 200213 0.058489 15.686044 1
800000 0.005000 227473 0.063100 15.352038 1
800000 0.010000 278742 0.073268 16.362384 1
800000 0.050000 1094584 0.240732 19.739198 1
