Str Size|Edit Diff|Comm (bits)|Time Set(s)|Time Str(s)|Space (bits)|Set Recon True|Str Recon True
100000 25 65788 0.009329 1
100000 25 61168 0.008729 1
100000 25 57485 0.009541 1
100000 25 59120 0.009789 1
100000 25 57382 0.008421 1
100000 25 55990 0.009481 1
100000 25 73461 0.009460 1
100000 25 46819 0.005325 1
100000 25 72949 0.006834 1
100000 25 67815 0.009679 1
100000 50 83792 0.009827 1
100000 50 68961 0.008581 1
100000 50 70291 0.006579 1
100000 50 60035 0.011003 1
100000 50 54374 0.009758 1
100000 50 58191 0.010008 1
100000 50 59149 0.010199 1
100000 50 63332 0.010160 1
100000 50 61345 0.010501 1
100000 50 54384 0.010348 1
100000 75 59452 0.006568 1
100000 75 45779 0.009917 1
100000 75 66607 0.010381 1
100000 75 88535 0.010014 1
100000 75 84584 0.010815 1
100000 75 56787 0.010211 1
100000 75 59128 0.010334 1
100000 75 66678 0.010275 1
100000 75 62108 0.011196 1
100000 75 74135 0.010700 1
100000 100 73641 0.012016 1
100000 100 74209 0.010592 1
100000 100 104308 0.010749 1
100000 100 82559 0.011561 1
100000 100 64854 0.007056 1
100000 100 119082 0.010329 1
100000 100 76677 0.012018 1
100000 100 67463 0.011325 1
100000 100 55923 0.011312 1
100000 100 68797 0.011035 1
100000 125 83434 0.012662 1
100000 125 105814 0.012086 1
100000 125 84774 0.008139 1
100000 125 65622 0.008218 1
100000 125 82444 0.007973 1
100000 125 74015 0.011924 1
100000 125 74993 0.012156 1
100000 125 62782 0.007458 1
100000 125 89778 0.008877 1
100000 125 73935 0.011624 1
100000 150 86330 0.013214 1
100000 150 84441 0.012887 1
100000 150 92034 0.011665 1
100000 150 79466 0.013539 1
100000 150 81792 0.012753 1
100000 150 65614 0.011149 1
100000 150 59698 0.007105 1
100000 150 100018 0.012812 1
100000 150 82170 0.012109 1
100000 150 80341 0.012326 1
400000 100 83868 0.025665 1
400000 100 65698 0.028975 1
400000 100 88794 0.025329 1
400000 100 65948 0.026350 1
400000 100 51088 0.029545 1
400000 100 70467 0.030242 1
400000 100 101842 0.031724 1
400000 100 82712 0.025701 1
400000 100 54284 0.025733 1
400000 100 70178 0.030125 1
400000 200 93729 0.029596 1
400000 200 100688 0.029065 1
400000 200 99132 0.029058 1
400000 200 86723 0.029401 1
400000 200 94253 0.026432 1
400000 200 105000 0.027237 1
400000 200 82111 0.023037 0
400000 200 81363 0.026456 1
400000 200 57303 0.025335 1
400000 200 79156 0.030484 1
400000 300 111224 0.025350 1
400000 300 93196 0.030659 1
400000 300 80884 0.030530 1
400000 300 84597 0.027280 1
400000 300 91330 0.027520 1
400000 300 100145 0.028316 1
400000 300 57987 0.027516 1
400000 300 93969 0.033021 1
400000 300 76780 0.029421 1
400000 300 67692 0.027345 1
400000 400 98686 0.028310 1
400000 400 114029 0.026998 1
400000 400 71127 0.031950 1
400000 400 123895 0.030067 1
400000 400 78885 0.028960 1
400000 400 88295 0.032234 1
400000 400 91392 0.025923 0
400000 400 95679 0.028306 1
400000 400 108928 0.028339 1
400000 400 95836 0.032097 1
400000 500 114924 0.026876 1
400000 500 122817 0.019695 0
400000 500 72703 0.037152 0
400000 500 121604 0.028213 1
400000 500 81465 0.031329 0
400000 500 164088 0.029945 1
400000 500 94701 0.032776 1
400000 500 153089 0.028844 1
400000 500 93773 0.026203 1
400000 500 90707 0.027799 1
400000 600 82416 0.024145 1
400000 600 119567 0.028628 1
400000 600 70536 0.029229 1
400000 600 96879 0.028316 1
400000 600 103217 0.025151 1
400000 600 128738 0.030873 1
400000 600 109708 0.026679 1
400000 600 153355 0.033303 1
400000 600 151382 0.034614 1
400000 600 91046 0.027034 1
800000 200 118472 0.079189 1
800000 200 92927 0.063622 1
800000 200 104417 0.060349 1
800000 200 49426 0.372247 0
800000 200 69512 0.042725 0
800000 200 58330 0.063792 1
800000 200 110943 0.074203 1
800000 200 85710 0.069529 1
800000 200 87422 0.069866 1
800000 200 81289 0.073399 1
800000 400 118898 0.067689 1
800000 400 125825 0.067039 1
800000 400 116388 0.192699 1
800000 400 135438 0.234783 1
800000 400 94820 0.064244 1
800000 400 90971 0.062270 1
800000 400 151889 0.071186 1
800000 400 98684 0.066758 1
800000 400 105506 0.064267 1
800000 400 126697 0.065740 1
800000 600 150249 0.064831 1
800000 600 94013 0.068074 1
800000 600 91293 0.063916 1
800000 600 163297 0.141093 0
800000 600 91257 0.063333 1
800000 600 101817 0.069693 1
800000 600 154072 0.075498 1
800000 600 105652 0.222102 1
800000 600 96671 0.068686 1
800000 600 102331 0.067695 1
800000 800 102515 0.226842 1
800000 800 141947 0.074971 1
800000 800 113441 0.065916 1
800000 800 109899 0.063414 1
800000 800 100660 0.065114 1
800000 800 134900 0.061811 1
800000 800 104291 0.214459 0
800000 800 113249 0.062256 1
800000 800 122554 0.067247 1
800000 800 129671 0.062237 1
800000 1000 145389 0.068644 1
800000 1000 139555 0.064849 1
800000 1000 172000 0.068144 1
800000 1000 120612 0.215396 1
800000 1000 138683 0.068572 1
800000 1000 111461 0.063414 1
800000 1000 114930 0.063953 1
800000 1000 111594 0.064574 1
800000 1000 132346 0.068613 1
800000 1000 121531 0.064338 1
800000 1200 122018 0.205408 1
800000 1200 132429 0.185760 0
800000 1200 128084 0.072426 0
800000 1200 108592 0.066253 1
800000 1200 153435 0.068957 1
800000 1200 152054 0.070208 1
800000 1200 144876 0.068635 1
800000 1200 163901 0.072096 1
800000 1200 128126 0.069164 1
800000 1200 115855 0.092895 1
1000000 250 82413 0.083175 1
1000000 250 112455 0.092079 1
1000000 250 103737 0.092219 1
1000000 250 129815 0.083665 1
1000000 250 101621 0.279628 1
1000000 250 110117 0.084490 1
1000000 250 105566 0.493380 0
1000000 250 68703 0.087965 1
1000000 250 87539 0.085342 1
1000000 250 96559 0.098609 1
1000000 500 113184 0.087511 1
1000000 500 174170 0.259113 0
1000000 500 119704 0.085544 1
1000000 500 108351 0.099391 1
1000000 500 136528 0.283617 1
1000000 500 133545 0.089850 1
1000000 500 150093 0.091206 0
1000000 500 98528 0.087584 1
1000000 500 107397 0.093549 1
1000000 500 118937 0.096369 1
1000000 750 115903 0.101661 1
1000000 750 126851 0.115850 0
1000000 750 146207 0.095031 1
1000000 750 142593 0.091263 0
1000000 750 146722 0.091437 1
1000000 750 104887 0.098301 1
1000000 750 114871 0.500080 1
1000000 750 127085 0.091989 1
1000000 750 123696 0.097310 1
1000000 750 113901 0.112912 1
1000000 1000 115456 0.095266 1
1000000 1000 146805 0.092755 1
1000000 1000 102032 0.123145 0
1000000 1000 111871 0.093168 1
1000000 1000 151875 0.089945 1
1000000 1000 133403 0.091390 1
1000000 1000 108283 0.089933 1
1000000 1000 119383 0.090302 1
1000000 1000 127652 0.089158 1
1000000 1000 198385 0.098870 1
1000000 1250 139480 0.117177 0
1000000 1250 134125 0.109899 1
1000000 1250 150658 0.235758 1
1000000 1250 119719 0.091164 1
1000000 1250 138755 0.201285 1
1000000 1250 157215 0.090108 1
1000000 1250 163599 0.088969 0
1000000 1250 185794 0.100854 1
1000000 1250 104270 0.214521 1
1000000 1250 123665 0.100681 1
1000000 1500 158477 0.098876 1
1000000 1500 153965 0.397334 0
1000000 1500 157631 0.102810 1
1000000 1500 154307 0.098557 1
1000000 1500 155466 0.097162 1
1000000 1500 146526 0.267026 1
1000000 1500 175348 0.104098 1
1000000 1500 158491 0.100015 1
1000000 1500 145587 0.246561 1
1000000 1500 145701 0.094087 1
1200000 300 101309 0.111537 1
1200000 300 80226 0.124023 1
1200000 300 114725 0.115582 1
1200000 300 106129 0.114858 1
1200000 300 98317 0.114235 1
1200000 300 100532 0.118825 1
1200000 300 85423 0.430434 0
1200000 300 112495 0.147640 0
1200000 300 72589 0.207486 1
1200000 300 104928 0.284224 1
1200000 600 101011 0.138920 1
1200000 600 102264 0.123734 1
1200000 600 108579 0.127077 1
1200000 600 168098 0.120869 1
1200000 600 141388 0.132068 1
1200000 600 127219 0.117034 1
1200000 600 139537 0.139392 1
1200000 600 94146 0.114955 1
1200000 600 124720 0.116945 1
1200000 600 119208 0.177990 1
1200000 900 133150 0.120107 1
1200000 900 135137 0.114891 0
1200000 900 133496 0.210104 1
1200000 900 146732 0.121066 1
1200000 900 153597 0.137380 1
1200000 900 126345 0.121639 1
1200000 900 104398 0.117009 1
1200000 900 149594 0.125213 1
1200000 900 116981 0.119928 1
1200000 900 100734 0.264684 1
1200000 1200 172831 0.123893 1
1200000 1200 130977 0.277819 1
1200000 1200 152242 0.121971 1
1200000 1200 127317 0.119841 1
1200000 1200 108486 0.122270 1
1200000 1200 97161 0.124024 1
1200000 1200 95938 0.117924 1
1200000 1200 173559 0.303218 0
1200000 1200 114951 0.127979 1
1200000 1200 127294 0.126193 1
1200000 1500 93275 0.123577 1
1200000 1500 172612 0.309753 0
1200000 1500 136688 0.146255 1
1200000 1500 153350 0.130150 1
1200000 1500 91077 0.137869 1
1200000 1500 148479 0.122416 1
1200000 1500 156725 0.126076 1
1200000 1500 167240 0.127607 1
1200000 1500 144796 0.137313 1
1200000 1500 170923 0.121608 1
1200000 1800 115621 0.124556 1
1200000 1800 131609 0.112334 0
1200000 1800 146455 0.122736 1
1200000 1800 190970 0.123853 0
1200000 1800 165581 0.124605 1
1200000 1800 165932 0.124295 1
1200000 1800 184457 0.126457 1
1200000 1800 188442 0.144288 1
1200000 1800 215638 0.138135 1
1200000 1800 177710 0.320364 1
1400000 350 131767 0.322467 1
1400000 350 78755 0.253886 0
1400000 350 142653 0.383792 1
1400000 350 118193 0.160453 1
1400000 350 100186 0.149783 1
1400000 350 86182 0.164723 1
1400000 350 104777 0.324417 1
1400000 350 77102 0.360928 1
1400000 350 91499 0.162799 1
1400000 350 129163 0.443996 1
1400000 700 144392 0.409739 1
1400000 700 127890 0.160047 1
1400000 700 117037 0.153259 1
1400000 700 127495 0.168225 0
1400000 700 138808 0.173416 1
1400000 700 94764 0.163163 1
1400000 700 135925 0.175499 0
1400000 700 107885 0.163970 1
1400000 700 119913 0.427296 1
1400000 700 109496 0.158105 1
1400000 1050 108588 0.182148 1
1400000 1050 129753 0.693999 1
1400000 1050 124100 0.317446 1
1400000 1050 156801 0.167882 1
1400000 1050 176313 0.158349 1
1400000 1050 142948 0.271617 1
1400000 1050 117438 0.323532 1
1400000 1050 175554 0.395568 1
1400000 1050 122770 0.157820 1
1400000 1050 95677 0.266798 1
1400000 1400 107481 0.393185 1
1400000 1400 150687 0.155682 1
1400000 1400 145906 0.160137 1
1400000 1400 193388 0.154088 1
1400000 1400 72945 0.364526 1
1400000 1400 140758 0.161311 1
1400000 1400 139962 0.374315 1
1400000 1400 103820 0.704727 1
1400000 1400 162660 0.159623 1
1400000 1400 148524 0.163285 1
1400000 1750 129567 0.745128 0
1400000 1750 136309 0.166658 1
1400000 1750 127970 0.165691 1
1400000 1750 209930 0.547552 0
1400000 1750 150702 0.336981 1
1400000 1750 191458 0.171115 1
1400000 1750 126170 0.148745 0
1400000 1750 196041 0.213594 1
1400000 1750 123089 0.376115 1
1400000 1750 121217 0.697181 1
1400000 2100 130148 0.160332 1
1400000 2100 175856 0.316048 1
1400000 2100 155851 0.173350 1
1400000 2100 157993 0.192121 1
1400000 2100 144244 0.159359 1
1400000 2100 177395 0.168634 1
1400000 2100 127143 0.177218 1
1400000 2100 139049 0.164114 1
1400000 2100 197037 0.164352 1
1400000 2100 158766 0.159381 0
