Level|Partition|Comm (bytes)|Actual Sym Diff|Time Tree(s)|Time Recon(s)|Time Backtrack (included in Time Recon) (s)|Str Recon True|Tree Heap SIze|High Water Heap
2 2 2054685 8 0.966409 0.075155 0.013435 1 8002344 10016144
2 2 2055228 8 0.977721 0.075064 0.012701 1 8002072 10004910
2 2 2053763 8 0.967841 0.075271 0.013977 1 8002072 10005174
2 2 2055382 8 0.970121 0.076381 0.013807 1 8002056 10005118
2 2 2056410 8 0.979070 0.076960 0.014135 1 8002056 10005534
2 2 1539193 8 0.979265 0.066299 0.012655 1 8002072 9491742
2 2 1018074 4 0.979191 0.057700 0.012294 1 8002072 8970574
2 2 1547370 8 0.976637 0.066044 0.012979 1 8002072 9499806
2 2 2052737 8 0.975907 0.072205 0.013444 1 8002056 10004942
2 2 2055282 8 0.977824 0.076301 0.013602 1 8002072 10005190
2 2 2055307 8 0.978727 0.075379 0.012626 1 8002072 10005470
2 2 1547973 8 0.975895 0.066756 0.013505 1 8002072 9500478
2 2 1548559 6 0.977883 0.066337 0.012999 1 8002072 9500838
2 2 2055438 8 0.975695 0.077059 0.013562 1 8002072 10005486
2 2 2052405 8 0.978795 0.073614 0.013632 1 8002056 10004974
2 2 2052664 8 0.978254 0.074578 0.014069 1 8002056 10005038
2 2 2055283 8 0.980722 0.076330 0.014181 1 8002056 10004910
2 2 2053134 8 0.976431 0.073410 0.013102 1 8002072 10004974
2 2 1034732 4 0.984103 0.060105 0.012826 1 8002056 8987150
2 2 1539781 6 0.979540 0.068512 0.012734 1 8002072 9491062
2 2 1020275 4 0.979456 0.058609 0.012499 1 8002056 8972734
2 2 1531728 6 0.980096 0.066718 0.012311 1 8002072 9484150
2 2 2052327 8 0.984645 0.073308 0.012492 1 8002056 10004974
2 2 1518178 6 0.980142 0.065854 0.012122 1 8002056 9470678
2 2 1536750 6 0.978222 0.066757 0.013034 1 8002056 9489030
2 2 2052940 8 0.981458 0.075925 0.013787 1 8002072 10005038
2 2 1551456 8 0.976123 0.067921 0.013434 1 8002072 9503902
2 2 2053249 8 0.974456 0.076080 0.013756 1 8002056 10005006
2 2 2053560 8 0.976700 0.079141 0.015370 1 8002072 10004974
2 2 1552031 6 0.979181 0.069944 0.012999 1 8002056 9504182
2 2 1545673 8 0.976245 0.070838 0.014809 1 8002072 9496974
2 2 559318 6 0.978358 0.054016 0.013515 1 8002056 8511574
2 2 1546370 6 0.977035 0.072284 0.014737 1 8002072 9496134
2 2 1509735 6 0.976472 0.072124 0.014636 1 8002056 9459878
2 2 1542640 8 0.972570 0.071641 0.014120 1 8002072 9492478
2 2 1025426 4 0.972699 0.064227 0.014140 1 8002072 8976350
2 2 1530679 8 0.973378 0.069861 0.012833 1 8002072 9480382
2 2 1547303 8 0.974192 0.068593 0.014187 1 8002072 9499342
2 2 1540172 8 0.976311 0.070057 0.013993 1 8002056 9491358
2 2 1552039 6 0.975763 0.073214 0.013632 1 8002072 9499718
2 2 2055307 8 0.974437 0.077809 0.013498 1 8002072 10005662
2 2 1555670 8 0.984869 0.073971 0.013556 1 8002056 9503678
2 2 1074029 8 0.982434 0.062549 0.014838 1 8002072 9026430
2 2 2052921 8 0.979764 0.075873 0.013761 1 8002056 10005038
2 2 2052786 8 0.983890 0.076167 0.015468 1 8002072 10005006
2 2 2055300 8 0.988659 0.077522 0.014521 1 8002072 10005294
2 2 2060749 8 0.981074 0.081068 0.013615 1 8002072 10005878
2 2 2055138 8 0.977967 0.079733 0.015326 1 8002056 10005662
2 2 2052804 8 0.981521 0.076266 0.014630 1 8002072 10004942
2 2 2052870 8 0.979145 0.076753 0.014908 1 8002072 10004910
2 2 1529902 6 0.979582 0.072401 0.014661 1 8002072 9479462
2 2 1040029 4 0.978968 0.062021 0.014299 1 8002072 8992174
2 2 1531444 8 0.981908 0.071273 0.013921 1 8002072 9481694
2 2 2055815 8 0.982729 0.079204 0.014231 1 8002072 10005694
2 2 2052241 8 0.981787 0.074998 0.012812 1 8002056 10004910
2 2 2053752 8 0.982901 0.077826 0.013218 1 8002072 10005038
2 2 2052688 8 0.985440 0.077985 0.015155 1 8002056 10004910
2 2 2053113 8 0.981393 0.075752 0.012974 1 8002056 10004942
2 2 1544680 8 0.980137 0.072396 0.013328 1 8002056 9493654
2 2 1538282 8 0.980065 0.068875 0.013352 1 8002072 9490430
2 2 2054785 8 0.977421 0.077651 0.014230 1 8002056 10005598
2 2 1539914 6 0.980306 0.076526 0.013249 1 8002056 9481350
2 2 2052530 8 0.980783 0.076067 0.014270 1 8002072 10005038
2 2 2053027 8 0.979191 0.075809 0.014619 1 8002072 10005006
2 2 2052513 8 0.983723 0.077500 0.015346 1 8002072 10005038
2 2 2052369 8 0.982488 0.076080 0.013007 1 8002072 10004910
2 2 2053440 8 0.980077 0.079260 0.014655 1 8002056 10005070
2 2 1549466 6 0.982003 0.068241 0.013356 1 8002056 9501862
2 2 2052296 8 0.980700 0.076954 0.014569 1 8002072 10005006
2 2 1080871 8 0.982154 0.061945 0.014720 1 8002056 9033006
2 2 1542229 6 0.980182 0.069197 0.013474 1 8002072 9494038
2 2 1549127 8 0.980178 0.068712 0.013766 1 8002072 9501438
2 2 2053157 8 0.981746 0.076452 0.013232 1 8002056 10005006
2 2 1551749 6 0.980277 0.069100 0.013616 1 8002072 9504134
2 2 2055081 8 0.980638 0.078304 0.013450 1 8002072 10004910
2 2 1548103 6 0.985020 0.070286 0.014043 1 8002056 9500406
2 2 2056522 8 0.978394 0.078907 0.013372 1 8002072 10005662
2 2 1062297 8 0.979979 0.062551 0.014338 1 8002072 9014942
2 2 2052787 8 0.982071 0.076603 0.014041 1 8002072 10004942
2 2 2053011 8 0.984406 0.076784 0.014131 1 8002072 10005070
2 2 2053070 8 0.979097 0.077975 0.014565 1 8002072 10004910
2 2 2053027 8 0.982748 0.075762 0.013101 1 8002056 10004974
2 2 2053017 8 0.978824 0.075143 0.013186 1 8002072 10005006
2 2 2055348 8 0.983626 0.078755 0.013710 1 8002056 10005142
2 2 2052824 8 0.981999 0.076125 0.013590 1 8002072 10005006
2 2 2053935 8 0.979026 0.077243 0.014240 1 8002056 10005006
2 2 2052331 8 0.981943 0.074207 0.013170 1 8002072 10005006
2 2 2054869 8 0.981599 0.077212 0.013486 1 8002072 10005286
2 2 2052278 8 0.979789 0.076555 0.013635 1 8002056 10004910
2 2 2052733 8 0.980392 0.079352 0.014679 1 8002072 10004974
2 2 2056474 8 0.978696 0.078561 0.013481 1 8002056 10005662
2 2 1547509 8 0.983702 0.067876 0.013165 1 8002072 9499742
2 2 1537091 8 0.982792 0.068035 0.013400 1 8002072 9489310
2 2 1536857 6 0.984650 0.070498 0.014190 1 8002072 9489382
2 2 1526091 8 0.982150 0.068899 0.012976 1 8002056 9478158
2 2 2052946 8 0.979982 0.078699 0.014575 1 8002072 10005038
2 2 1524564 8 0.978914 0.070506 0.013249 1 8002056 9474174
2 2 1549608 8 0.979514 0.068587 0.013497 1 8002072 9502078
2 2 1552026 8 0.979137 0.069753 0.013147 1 8002072 9502110
2 2 2053702 8 0.981965 0.076453 0.013152 1 8002072 10005006
2 4 979116 10 1.112142 0.064569 0.014597 1 8003320 8935350
2 4 583575 10 1.115559 0.057541 0.015771 1 8003320 8540614
2 4 1268006 12 1.113775 0.066509 0.014247 1 8003320 9224782
2 4 776834 8 1.112630 0.060209 0.013899 1 8003320 8733422
2 4 747570 8 1.114538 0.062735 0.015157 1 8003320 8701998
2 4 2060031 16 1.112471 0.081235 0.014762 1 8003304 10012070
2 4 1261350 14 1.121706 0.070094 0.014275 1 8003304 9214574
2 4 1099585 14 1.112597 0.064759 0.014477 1 8003336 9056294
2 4 1299019 14 1.119029 0.067591 0.014535 1 8003320 9255286
2 4 1802915 14 1.119062 0.074346 0.015146 1 8003320 9759478
2 4 1767148 16 1.112095 0.073943 0.015002 1 8003304 9723134
2 4 1037369 10 1.113249 0.069083 0.014141 1 8003320 8989254
2 4 1099192 12 1.114447 0.066990 0.015754 1 8003320 9054270
2 4 1517154 14 1.115621 0.070506 0.014799 1 8003304 9473750
2 4 768144 8 1.114536 0.061582 0.014093 1 8003336 8722430
2 4 1550087 14 1.115343 0.072449 0.015320 1 8003320 9506550
2 4 1284468 12 1.112560 0.068316 0.015543 1 8003288 9240926
2 4 1543828 14 1.115183 0.072671 0.015190 1 8003320 9498646
2 4 1290967 12 1.114794 0.069981 0.014161 1 8003336 9243902
2 4 758497 8 1.113623 0.059263 0.014045 1 8003304 8715374
2 4 1007845 12 1.113209 0.066710 0.014066 1 8003320 8960902
2 4 1524325 14 1.114090 0.070146 0.014759 1 8003336 9480998
2 4 1517009 14 1.111660 0.070136 0.014003 1 8003320 9473830
2 4 1787234 16 1.111827 0.074444 0.015445 1 8003304 9743998
2 4 1103430 14 1.115892 0.067339 0.015504 1 8003336 9058286
2 4 1544405 14 1.115988 0.071086 0.014785 1 8003304 9501062
2 4 1548670 14 1.112680 0.073627 0.014940 1 8003336 9502294
2 4 995174 10 1.113274 0.065967 0.014086 1 8003320 8948438
2 4 959972 10 1.110569 0.062549 0.014691 1 8003320 8916502
2 4 1252176 12 1.117555 0.069685 0.014751 1 8003304 9205062
2 4 1028306 10 1.113394 0.065612 0.014836 1 8003304 8982846
2 4 1040919 10 1.115792 0.062440 0.014074 1 8003320 8997782
2 4 1269250 12 1.114314 0.071397 0.015402 1 8003320 9221446
2 4 821301 12 1.112322 0.062292 0.016046 1 8003304 8777854
2 4 1259824 14 1.116404 0.069718 0.014251 1 8003304 9212638
2 4 1551939 14 1.113690 0.074122 0.014264 1 8003320 9505454
2 4 1293021 14 1.114415 0.066824 0.014672 1 8003320 9248486
2 4 998765 12 1.115323 0.062809 0.014392 1 8003304 8954974
2 4 1278962 12 1.114450 0.069873 0.014380 1 8003320 9232614
2 4 1557273 16 1.113336 0.075231 0.015184 1 8003320 9509486
2 4 1033314 10 1.113663 0.067651 0.015963 1 8003320 8987238
2 4 1366737 16 1.115124 0.069958 0.015315 1 8003336 9322558
2 4 1544260 14 1.114236 0.075439 0.015617 1 8003320 9495710
2 4 1380726 14 1.119525 0.068557 0.015155 1 8003320 9337190
2 4 580157 10 1.115324 0.057858 0.014931 1 8003304 8536294
2 4 1083163 14 1.114966 0.068476 0.015771 1 8003304 9037766
2 4 1088984 14 1.112592 0.065003 0.015503 1 8003304 9045670
2 4 1551617 14 1.112138 0.073342 0.014405 1 8003336 9505030
2 4 1024405 12 1.116472 0.069337 0.015692 1 8003336 8977822
2 4 1512687 14 1.115359 0.071218 0.015134 1 8003320 9468694
2 4 1274062 12 1.118552 0.071574 0.015063 1 8003304 9227534
2 4 1024423 10 1.117660 0.064021 0.014444 1 8003320 8980742
2 4 1135365 14 1.113978 0.065343 0.014968 1 8003304 9092070
2 4 1546513 14 1.113209 0.070672 0.014152 1 8003320 9502630
2 4 1533346 14 1.114337 0.072778 0.016524 1 8003304 9489974
2 4 976274 12 1.114963 0.065982 0.015292 1 8003304 8929702
2 4 1280133 12 1.116266 0.071135 0.015460 1 8003320 9233406
2 4 477570 4 1.114189 0.056172 0.013406 1 8003304 8434238
2 4 975722 10 1.114136 0.062210 0.014669 1 8003304 8932678
2 4 2058555 16 1.116536 0.082059 0.014848 1 8003320 10011990
2 4 1002690 10 1.126753 0.062762 0.014418 1 8003304 8959590
2 4 1018907 10 1.120379 0.064177 0.015389 1 8003336 8974662
2 4 1233846 14 1.115205 0.067138 0.015248 1 8003336 9190614
2 4 1550229 16 1.115062 0.072014 0.015339 1 8003336 9506366
2 4 1142324 14 1.112647 0.068274 0.014788 1 8003320 9096038
2 4 999991 12 1.114365 0.066300 0.014453 1 8003320 8953262
2 4 957382 10 1.116145 0.065271 0.014839 1 8003320 8912102
2 4 817575 12 1.112059 0.061811 0.015854 1 8003320 8773470
2 4 1547163 14 1.114770 0.075479 0.014946 1 8003288 9500838
2 4 1544937 14 1.117890 0.073636 0.014593 1 8003320 9499670
2 4 829841 14 1.120935 0.061596 0.015347 1 8003288 8786150
2 4 1018825 12 1.111722 0.066108 0.014267 1 8003304 8972246
2 4 1519947 14 1.119152 0.073467 0.014558 1 8003304 9473902
2 4 1079905 14 1.114829 0.067251 0.015217 1 8003304 9033902
2 4 1032680 12 1.111638 0.071742 0.015504 1 8003320 8981718
2 4 584376 8 1.112029 0.062743 0.015224 1 8003304 8535614
2 4 1474418 12 1.116715 0.070073 0.014623 1 8003320 9430750
2 4 1014438 10 1.112026 0.068693 0.014783 1 8003304 8968726
2 4 833643 14 1.115813 0.066879 0.015325 1 8003320 8786790
2 4 521925 4 1.111201 0.059524 0.015469 1 8003304 8477822
2 4 1228778 12 1.113100 0.068315 0.014691 1 8003320 9182942
2 4 1297906 16 1.116847 0.069045 0.015330 1 8003320 9253230
2 4 1238354 12 1.119093 0.067653 0.014013 1 8003304 9194206
2 4 1001341 12 1.124960 0.065032 0.015978 1 8003320 8958142
2 4 1112474 14 1.116403 0.068217 0.014939 1 8003336 9065366
2 4 1283240 14 1.118202 0.070527 0.016183 1 8003336 9238366
2 4 1531824 16 1.111541 0.071273 0.013319 1 8003304 9488606
2 4 1547004 16 1.114414 0.073836 0.015439 1 8003320 9501566
2 4 985765 12 1.113304 0.063580 0.015785 1 8003320 8942158
2 4 1261999 14 1.114249 0.067814 0.015049 1 8003336 9218278
2 4 1119551 14 1.116164 0.073492 0.014745 1 8003304 9064966
2 4 1079433 14 1.114173 0.069522 0.016703 1 8003320 9032590
2 4 738340 8 1.117488 0.058408 0.014011 1 8003336 8695374
2 4 333019 6 1.113527 0.053310 0.014617 1 8003320 8290102
2 4 818385 12 1.115249 0.060798 0.015275 1 8003336 8775022
2 4 874525 12 1.115184 0.060713 0.014824 1 8003288 8831006
2 4 1019706 12 1.114765 0.067189 0.014719 1 8003320 8973102
2 4 1030686 12 1.110623 0.067330 0.015014 1 8003336 8983958
2 4 1549089 14 1.113073 0.071059 0.014778 1 8003304 9505414
2 4 869002 12 1.119691 0.066143 0.016049 1 8003304 8822254
2 6 920974 16 1.156115 0.064563 0.014854 1 8004600 8883854
2 6 784422 14 1.155004 0.063351 0.014526 1 8004632 8747862
2 6 782670 16 1.150505 0.063834 0.015945 1 8004632 8746414
2 6 798654 16 1.153888 0.069133 0.016209 1 8004632 8757502
2 6 1279203 18 1.163332 0.069874 0.015119 1 8004344 9240014
2 6 848526 14 1.147993 0.064799 0.016171 1 8004632 8811222
2 6 458631 10 1.154788 0.061070 0.015670 1 8004616 8419590
2 6 1381996 18 1.151047 0.073590 0.014225 1 8004632 9342126
2 6 803552 16 1.150592 0.067811 0.014014 1 8004632 8761166
2 6 951362 14 1.150776 0.069112 0.015078 1 8004632 8911702
2 6 802476 14 1.149021 0.064632 0.015472 1 8004648 8765110
2 6 1009696 16 1.151993 0.067628 0.015864 1 8004632 8972302
2 6 768868 14 1.150860 0.063158 0.016366 1 8004632 8732454
2 6 809378 14 1.151149 0.066044 0.015096 1 8004632 8769630
2 6 1727657 24 1.149562 0.081962 0.014522 1 8004616 9686638
2 6 409040 10 1.151035 0.058739 0.015887 1 8004632 8372118
2 6 829972 16 1.154878 0.063572 0.015239 1 8004632 8794094
2 6 987075 16 1.148703 0.066493 0.016246 1 8004648 8950382
2 6 1164348 20 1.148138 0.070312 0.015912 1 8004632 9126526
2 6 849142 12 1.149687 0.067271 0.016082 1 8004616 8809374
2 6 993908 14 1.152415 0.068604 0.014362 1 8004632 8954150
2 6 936456 18 1.150151 0.066338 0.016301 1 8004632 8900086
2 6 1148595 20 1.154555 0.073037 0.014763 1 8004648 9106006
2 6 750696 14 1.148829 0.063924 0.016406 1 8004648 8713846
2 6 1472304 20 1.153368 0.072966 0.014700 1 8004312 9433526
2 6 1132289 16 1.146409 0.068520 0.014820 1 8004360 9093238
2 6 730543 16 1.152529 0.062976 0.014776 1 8004616 8693454
2 6 251708 6 1.157203 0.058117 0.015194 1 8004632 8212470
2 6 786655 14 1.155177 0.065246 0.015851 1 8004632 8750374
2 6 1165532 20 1.150809 0.072843 0.015104 1 8004664 9124574
2 6 1708831 24 1.154752 0.080959 0.014628 1 8004616 9667630
2 6 622901 10 1.150314 0.062043 0.016216 1 8004616 8585958
2 6 561629 12 1.150385 0.060511 0.015459 1 8004616 8524638
2 6 775171 12 1.152394 0.066693 0.015922 1 8004616 8735222
2 6 957819 16 1.146242 0.068223 0.015688 1 8004616 8920558
2 6 592803 14 1.148806 0.063849 0.015704 1 8004616 8552782
2 6 1166826 18 1.148712 0.073915 0.014950 1 8004648 9126014
2 6 792538 16 1.154367 0.063328 0.015113 1 8004648 8756094
2 6 757375 14 1.151981 0.065908 0.014858 1 8004600 8718678
2 6 942561 14 1.149193 0.066405 0.014681 1 8004360 8903598
2 6 770044 16 1.159453 0.063300 0.015433 1 8004616 8732958
2 6 1170288 18 1.152125 0.069090 0.014846 1 8004648 9133862
2 6 232994 6 1.148068 0.054168 0.015082 1 8004616 8196502
2 6 1348295 20 1.153979 0.075747 0.014767 1 8004632 9308486
2 6 993341 18 1.216789 0.071485 0.015324 1 8004648 8950838
2 6 1318450 20 1.149238 0.075212 0.014778 1 8004344 9274718
2 6 622942 14 1.149305 0.066678 0.015465 1 8004616 8581574
2 6 1119381 20 1.150411 0.072046 0.014135 1 8004632 9077918
2 6 580140 10 1.148193 0.067795 0.015028 1 8004648 8535206
2 6 790967 16 1.150731 0.064117 0.014739 1 8004344 8751142
2 6 829425 14 1.147546 0.070272 0.016512 1 8004616 8786998
2 6 1007925 18 1.152129 0.069383 0.014748 1 8004648 8966438
2 6 834644 16 1.155747 0.063325 0.015118 1 8004616 8797934
2 6 1099569 22 1.146563 0.073350 0.016470 1 8004600 9057550
2 6 588595 14 1.145435 0.066147 0.016259 1 8004616 8547062
2 6 597055 14 1.147924 0.060819 0.015317 1 8004344 8558526
2 6 1172425 24 1.149904 0.076459 0.015413 1 8004632 9130182
2 6 1136397 20 1.149010 0.074203 0.016862 1 8004648 9095510
2 6 611227 10 1.147760 0.063838 0.016682 1 8004632 8572806
2 6 593619 12 1.146741 0.063650 0.018125 1 8004632 8556654
2 6 778925 18 1.145326 0.067405 0.015544 1 8004616 8738806
2 6 815357 16 1.148023 0.065463 0.015438 1 8004616 8778670
2 6 934214 16 1.151430 0.064349 0.014888 1 8004328 8895894
2 6 464750 10 1.155219 0.061182 0.014873 1 8004312 8423702
2 6 896181 14 1.161812 0.067141 0.015393 1 8004344 8856366
2 6 1342603 18 1.148149 0.072030 0.015830 1 8004616 9305702
2 6 975702 18 1.147828 0.072404 0.015121 1 8004632 8933798
2 6 946780 16 1.155602 0.071569 0.016286 1 8004616 8904430
2 6 427983 10 1.152417 0.058737 0.015545 1 8004664 8390854
2 6 592962 14 1.149649 0.061332 0.016169 1 8004632 8556886
2 6 657200 12 1.151498 0.061335 0.014788 1 8004664 8620542
2 6 1150319 16 1.147327 0.070609 0.014614 1 8004344 9110574
2 6 412208 10 1.150702 0.059963 0.016514 1 8004632 8375622
2 6 578821 8 1.149013 0.061748 0.013926 1 8004344 8537582
2 6 912009 14 1.147666 0.065693 0.015565 1 8004312 8872686
2 6 423180 8 1.147553 0.059954 0.014783 1 8004344 8382446
2 6 489162 8 1.156601 0.064226 0.014913 1 8004632 8450110
2 6 1000646 16 1.149722 0.069901 0.015858 1 8004632 8964030
2 6 793207 12 1.159928 0.064173 0.016224 1 8004648 8756526
2 6 778858 12 1.154089 0.063535 0.016355 1 8004632 8742414
2 6 573449 12 1.148770 0.060080 0.015796 1 8004616 8536718
2 6 435919 10 1.157847 0.058604 0.015104 1 8004616 8399366
2 6 758896 18 1.148558 0.064389 0.015487 1 8004632 8722022
2 6 657968 12 1.157843 0.063648 0.014610 1 8004648 8618974
2 6 642357 12 1.150368 0.061867 0.015252 1 8004344 8604182
2 6 615785 12 1.149738 0.061542 0.015003 1 8004648 8579102
2 6 592511 14 1.146230 0.062508 0.014672 1 8004648 8552574
2 6 263577 4 1.157944 0.054320 0.014963 1 8004600 8227198
2 6 778161 12 1.163853 0.067329 0.015550 1 8004632 8738494
2 6 746905 16 1.151273 0.064129 0.015327 1 8004616 8709934
2 6 759823 16 1.150469 0.063182 0.015240 1 8004632 8723182
2 6 773490 12 1.152013 0.061758 0.015321 1 8004648 8737774
2 6 832027 14 1.148892 0.065336 0.015589 1 8004616 8795254
2 6 855984 14 1.153134 0.069578 0.016375 1 8004632 8814270
2 6 856689 14 1.153669 0.069755 0.015423 1 8004632 8816694
2 6 821341 14 1.149264 0.067865 0.015587 1 8004632 8781334
2 6 768478 16 1.154377 0.067355 0.015576 1 8004632 8728190
2 6 809715 12 1.149084 0.067405 0.015010 1 8004328 8768286
2 6 394067 10 1.150136 0.058698 0.014437 1 8004648 8355926
2 6 973400 16 1.149886 0.071792 0.015190 1 8004632 8932046
2 8 315683 10 1.170805 0.059714 0.014626 1 8005480 8282910
2 8 955294 18 1.163177 0.071787 0.016197 1 8005512 8921150
2 8 837785 24 1.169316 0.067666 0.016821 1 8005784 8808414
2 8 738555 16 1.162344 0.068401 0.015607 1 8005528 8705486
2 8 989928 20 1.164825 0.068699 0.015062 1 8005512 8958774
2 8 873315 24 1.166372 0.065496 0.014604 1 8005512 8842566
2 8 584747 16 1.170328 0.068043 0.016009 1 8005832 8551790
2 8 323825 8 1.165733 0.060853 0.015362 1 8005848 8293214
2 8 666921 16 1.166567 0.069106 0.015924 1 8005528 8630438
2 8 582373 18 1.166865 0.061998 0.015314 1 8005816 8553430
2 8 601904 14 1.168436 0.066628 0.016623 1 8005512 8567462
2 8 703278 14 1.168157 0.065085 0.015491 1 8005528 8672542
2 8 448273 14 1.167320 0.063146 0.015933 1 8005528 8415270
2 8 576788 10 1.163561 0.063049 0.016422 1 8005528 8545486
2 8 869781 20 1.166745 0.071853 0.015233 1 8005816 8837006
2 8 211067 6 1.170580 0.054879 0.014291 1 8005208 8178526
2 8 509005 12 1.169725 0.063127 0.014961 1 8005544 8476206
2 8 946585 20 1.167919 0.072569 0.015765 1 8005496 8909310
2 8 693331 16 1.175035 0.064526 0.016067 1 8005512 8662054
2 8 698122 14 1.168874 0.063456 0.015953 1 8005512 8667406
2 8 452449 14 1.167916 0.062741 0.015630 1 8005512 8418494
2 8 1288090 26 1.160703 0.072738 0.014933 1 8005800 9259958
2 8 750246 20 1.166009 0.068183 0.015085 1 8005496 8716190
2 8 876153 22 1.168447 0.072542 0.015278 1 8005512 8838694
2 8 321383 10 1.167851 0.056493 0.015433 1 8005496 8290382
2 8 638037 14 1.166623 0.062392 0.015766 1 8005528 8607134
2 8 584662 16 1.173301 0.066921 0.015939 1 8005512 8548174
2 8 970852 22 1.163322 0.072539 0.015847 1 8005528 8934774
2 8 811679 16 1.167771 0.064749 0.015715 1 8005496 8781142
2 8 584679 12 1.161364 0.065150 0.015587 1 8005528 8550678
2 8 992231 20 1.167336 0.074356 0.015053 1 8005528 8955646
2 8 617131 14 1.170120 0.065933 0.015293 1 8005512 8583126
2 8 1059280 24 1.165550 0.069504 0.014592 1 8005512 9027302
2 8 577933 16 1.163925 0.065214 0.015199 1 8005528 8543318
2 8 865671 22 1.166209 0.066786 0.014593 1 8005528 8834270
2 8 583636 18 1.176402 0.062066 0.015756 1 8005528 8552414
2 8 710543 18 1.167096 0.066937 0.015474 1 8005208 8672662
2 8 578346 10 1.165780 0.065083 0.014520 1 8005528 8545638
2 8 697706 12 1.167832 0.067396 0.014864 1 8005528 8663886
2 8 527234 10 1.164693 0.064904 0.015838 1 8005544 8494790
2 8 580200 16 1.160197 0.063571 0.015926 1 8005544 8549158
2 8 777713 16 1.169395 0.069995 0.015513 1 8005512 8741798
2 8 633893 16 1.165371 0.062011 0.015149 1 8005224 8600758
2 8 597054 14 1.161925 0.066283 0.016506 1 8005784 8565774
2 8 611552 14 1.163143 0.066966 0.015160 1 8005816 8579398
2 8 543414 10 1.173600 0.061299 0.015362 1 8005528 8512590
2 8 877338 22 1.169708 0.067359 0.015224 1 8005528 8845854
2 8 627536 16 1.178100 0.065969 0.014904 1 8005512 8593414
2 8 679182 12 1.164909 0.066910 0.015132 1 8005528 8645566
2 8 600013 16 1.167668 0.060951 0.015075 1 8005496 8569414
2 8 992975 26 1.165916 0.067662 0.014511 1 8005544 8962254
2 8 472461 14 1.192468 0.060988 0.015688 1 8005528 8441454
2 8 1146370 24 1.162578 0.071724 0.015246 1 8005544 9116374
2 8 585371 12 1.165364 0.062902 0.015993 1 8005496 8555094
2 8 693234 14 1.167447 0.062012 0.014271 1 8005512 8662766
2 8 318334 10 1.169675 0.058001 0.016047 1 8005512 8287054
2 8 603479 16 1.172250 0.067499 0.016113 1 8005496 8567894
2 8 838808 16 1.171639 0.068631 0.014303 1 8005528 8805078
2 8 489333 12 1.166758 0.059970 0.014917 1 8005544 8458038
2 8 474815 14 1.165600 0.061650 0.015066 1 8005512 8442558
2 8 838709 20 1.159578 0.070966 0.014129 1 8005512 8802038
2 8 868242 24 1.163570 0.071011 0.014858 1 8005528 8832190
2 8 957075 20 1.167708 0.066511 0.014384 1 8005528 8926422
2 8 836838 18 1.167293 0.065862 0.014959 1 8005512 8805902
2 8 814880 16 1.170241 0.065204 0.014735 1 8005528 8784566
2 8 1068397 24 1.164558 0.075009 0.014558 1 8005512 9032222
2 8 274915 4 1.168961 0.059010 0.014457 1 8005496 8243910
2 8 508730 12 1.167020 0.065967 0.014606 1 8005528 8473758
2 8 893854 22 1.161565 0.072045 0.014474 1 8005512 8857190
2 8 676260 16 1.166443 0.064149 0.014457 1 8005528 8645014
2 8 977897 20 1.168321 0.067671 0.014920 1 8005512 8947462
2 8 759045 20 1.164444 0.069221 0.014588 1 8005528 8723022
2 8 470494 12 1.165555 0.059618 0.014164 1 8005528 8439462
2 8 696203 14 1.165452 0.063003 0.014162 1 8005512 8664830
2 8 466517 14 1.168898 0.064143 0.015163 1 8005496 8432558
2 8 625197 18 1.167139 0.066738 0.015740 1 8005512 8591054
2 8 703220 14 1.163063 0.068914 0.015464 1 8005528 8668254
2 8 973705 20 1.159267 0.068986 0.014847 1 8005544 8942710
2 8 735399 20 1.164062 0.064038 0.014730 1 8005512 8704134
2 8 947257 20 1.166921 0.071917 0.014909 1 8005496 8911758
2 8 1050929 24 1.169036 0.067969 0.014506 1 8005480 9020038
2 8 505872 12 1.165010 0.064431 0.015212 1 8005512 8472846
2 8 893097 24 1.168468 0.066586 0.015204 1 8005528 8861926
2 8 580671 16 1.164144 0.067693 0.015476 1 8005816 8547630
2 8 956033 20 1.159618 0.068812 0.016117 1 8005512 8924438
2 8 544842 12 1.166121 0.067382 0.015273 1 8005496 8509966
2 8 353218 10 1.163769 0.061671 0.015150 1 8005512 8318478
2 8 820062 18 1.165272 0.068252 0.015172 1 8005480 8788382
2 8 779752 18 1.166831 0.069165 0.015085 1 8005512 8746254
2 8 902127 22 1.165394 0.068428 0.016047 1 8005512 8869870
2 8 630546 16 1.166170 0.064488 0.015974 1 8005496 8599030
2 8 899236 24 1.164197 0.074063 0.015547 1 8005528 8861758
2 8 872111 22 1.176470 0.067790 0.014908 1 8005800 8843510
2 8 468951 14 1.171666 0.064578 0.015675 1 8005512 8434590
2 8 590528 16 1.179134 0.062772 0.015444 1 8005512 8559590
2 8 403024 10 1.164878 0.063876 0.015392 1 8005528 8370158
2 8 668573 14 1.167538 0.066859 0.015679 1 8005544 8634710
2 8 604752 14 1.167423 0.067087 0.015431 1 8005800 8573182
2 8 710927 14 1.168326 0.063146 0.015378 1 8005800 8682550
2 8 199008 6 1.161465 0.058813 0.015097 1 8005512 8166398
3 2 776674 16 1.818372 0.070949 0.020392 1 10005136 10732190
3 2 1010171 16 1.822504 0.072038 0.019270 1 10005152 10965070
3 2 933729 18 1.817504 0.070205 0.019884 1 10005152 10889430
3 2 1166640 18 1.821788 0.078460 0.021575 1 10005136 11121814
3 2 1038971 20 1.823432 0.076442 0.021298 1 10005120 10993438
3 2 1046708 18 1.824565 0.076077 0.020469 1 10005120 11001542
3 2 1031616 14 1.823506 0.077417 0.021735 1 10005152 10985334
3 2 1304175 16 1.812427 0.078587 0.019755 1 10005136 11259758
3 2 1020179 10 1.808394 0.074049 0.017718 1 10005152 10973198
3 2 1026641 14 1.815085 0.081721 0.022644 1 10005136 10976382
3 2 1064993 22 1.815557 0.077276 0.021459 1 10005168 11018902
3 2 671758 18 1.812818 0.071426 0.023123 1 10005136 10626998
3 2 1545144 18 1.818170 0.083880 0.021936 1 10005136 11500534
3 2 317785 12 1.823723 0.062135 0.016409 1 10005152 10269950
3 2 1668944 20 1.811882 0.089454 0.022206 1 10005120 11619926
3 2 1167487 18 1.810182 0.084635 0.023048 1 10005120 11117614
3 2 1175785 20 1.812548 0.084070 0.022865 1 10005120 11124342
3 2 1685655 24 1.812110 0.085491 0.022660 1 10005152 11640958
3 2 1052689 18 1.816899 0.075985 0.022649 1 10005136 11007814
3 2 1547020 22 1.814553 0.084876 0.021754 1 10005120 11502406
3 2 1056526 22 1.809539 0.078306 0.023425 1 10005136 11011414
3 2 1051115 18 1.810614 0.078162 0.022263 1 10005152 11005830
3 2 794669 10 1.808253 0.072216 0.020668 1 10005152 10749510
3 2 1675356 20 1.808231 0.086042 0.022280 1 10005152 11630654
3 2 921044 16 1.811242 0.073783 0.023113 1 10005088 10875918
3 2 1129100 16 1.817179 0.077263 0.020279 1 10005152 11084302
3 2 1309908 22 1.809278 0.084913 0.022750 1 10005120 11261446
3 2 1535247 24 1.819156 0.084650 0.022128 1 10005136 11489598
3 2 923671 16 1.811775 0.075070 0.020575 1 10005136 10878334
3 2 1075418 24 1.815553 0.080158 0.023275 1 10005136 11030238
3 2 674908 12 1.813527 0.069205 0.020257 1 10005152 10629502
3 2 1056173 20 1.808534 0.077892 0.021441 1 10005136 11011934
3 2 1035899 14 1.814565 0.074587 0.020796 1 10005120 10992070
3 2 943376 24 1.810409 0.077013 0.023469 1 10005152 10897982
3 2 1034633 18 1.811597 0.083815 0.024690 1 10005152 10983382
3 2 1041986 10 1.819666 0.077456 0.019023 1 10005152 10993462
3 2 946572 24 1.808242 0.077239 0.023264 1 10005168 10900158
3 2 998418 10 1.815348 0.072745 0.019573 1 10005136 10954438
3 2 432603 16 1.812796 0.066600 0.021519 1 10005152 10387726
3 2 1182998 18 1.805779 0.085284 0.023702 1 10005120 11133310
3 2 924604 18 1.812499 0.073679 0.020298 1 10005136 10879878
3 2 1040614 22 1.820413 0.082338 0.022745 1 10005168 10991326
3 2 1032754 14 1.810791 0.075153 0.022701 1 10005136 10988022
3 2 1303532 18 1.812089 0.079230 0.022747 1 10005152 11258246
3 2 1554785 18 1.811078 0.089150 0.021964 1 10005136 11504790
3 2 1536139 18 1.812735 0.085160 0.023812 1 10005152 11491510
3 2 1322448 22 1.804230 0.080495 0.023425 1 10005168 11276550
3 2 923697 16 1.805411 0.079461 0.023622 1 10005152 10875502
3 2 825706 22 1.809638 0.074766 0.023599 1 10005120 10780438
3 2 560459 12 1.812092 0.068400 0.019437 1 10005152 10513662
3 2 789312 12 1.815421 0.071007 0.020882 1 10005136 10744142
3 2 806563 14 1.813932 0.071725 0.020238 1 10005184 10761638
3 2 894496 20 1.817743 0.073632 0.021976 1 10005168 10849406
3 2 1528627 22 1.803502 0.084595 0.024108 1 10005136 11483334
3 2 1429906 22 1.807779 0.084594 0.023145 1 10005136 11384742
3 2 788213 12 1.808339 0.070521 0.020798 1 10005136 10743102
3 2 669427 14 1.837536 0.073992 0.022539 1 10005136 10621446
3 2 1681283 26 1.812356 0.087840 0.023281 1 10005136 11636198
3 2 931259 16 1.817767 0.076769 0.021543 1 10005152 10886286
3 2 813691 18 1.813925 0.077082 0.022737 1 10005152 10765534
3 2 1175959 22 1.814957 0.078358 0.023879 1 10005136 11131062
3 2 313678 12 1.812381 0.060621 0.019514 1 10005120 10268782
3 2 1419697 20 1.804325 0.086654 0.023173 1 10005168 11371726
3 2 828623 20 1.803648 0.080464 0.023906 1 10005104 10779462
3 2 447430 14 1.816002 0.065213 0.020921 1 10005136 10402662
3 2 667160 14 1.815319 0.074983 0.023345 1 10005120 10619142
3 2 1535837 22 1.822681 0.084693 0.023117 1 10005120 11490278
3 2 1043877 14 1.809212 0.081164 0.021813 1 10005184 10994942
3 2 802999 14 1.811218 0.070687 0.022689 1 10005136 10758278
3 2 763916 10 1.815204 0.075137 0.023530 1 10005184 10717286
3 2 676688 12 1.808788 0.069539 0.021632 1 10005136 10631998
3 2 683627 18 1.810619 0.077165 0.024484 1 10005136 10635630
3 2 928740 12 1.815471 0.073104 0.020325 1 10005136 10883694
3 2 935253 14 1.808178 0.078666 0.019435 1 10005152 10886630
3 2 974311 22 1.822961 0.077180 0.023180 1 10005136 10929366
3 2 798202 18 1.815673 0.077796 0.023103 1 10005136 10749222
3 2 1304758 22 1.810189 0.082399 0.022767 1 10005152 11259094
3 2 1278537 16 1.810047 0.077774 0.020526 1 10005136 11233566
3 2 1426958 22 1.806990 0.088749 0.023405 1 10005136 11376550
3 2 1266863 16 1.809102 0.082064 0.021601 1 10005136 11219310
3 2 1032117 16 1.807701 0.075037 0.019610 1 10005136 10987710
3 2 1155824 16 1.818783 0.083648 0.021809 1 10005136 11107006
3 2 1040457 14 1.816605 0.073648 0.020936 1 10005136 10995862
3 2 1424710 22 1.817622 0.086207 0.023419 1 10005168 11375230
3 2 681517 16 1.815657 0.073600 0.021840 1 10005168 10633198
3 2 1303289 22 1.816043 0.079171 0.022389 1 10005136 11258598
3 2 1411888 20 1.814936 0.086359 0.024809 1 10005168 11363790
3 2 1053773 18 1.809987 0.076820 0.021464 1 10005120 11009942
3 2 1011996 16 1.814096 0.076382 0.022059 1 10005152 10967406
3 2 1196435 20 1.815764 0.083308 0.023059 1 10005136 11147262
3 2 1209664 26 1.809850 0.087023 0.022488 1 10005136 11158238
3 2 1176928 18 1.816234 0.088650 0.022289 1 10005152 11121118
3 2 1169314 18 1.814709 0.082366 0.021878 1 10005152 11119774
3 2 1176078 18 1.809643 0.079284 0.022916 1 10005120 11131318
3 2 1070346 24 1.809898 0.078038 0.022672 1 10005120 11024574
3 2 1168974 20 1.806013 0.077860 0.022826 1 10005120 11123902
3 2 1428158 18 1.804634 0.086049 0.022125 1 10005152 11379910
3 2 785500 14 1.818571 0.070690 0.021896 1 10005168 10741014
3 2 928445 18 1.813286 0.074665 0.023151 1 10005152 10882966
3 2 818862 16 1.810757 0.070968 0.020524 1 10005136 10773502
3 4 449627 40 1.982612 0.085818 0.025819 1 10019248 10427166
3 4 152837 14 1.973402 0.079840 0.022430 1 10019200 10127334
3 4 204782 20 1.977210 0.074398 0.021886 1 10019216 10182926
3 4 151510 16 1.980458 0.074720 0.022793 1 10019184 10130318
3 4 131582 18 1.980776 0.079261 0.021454 1 10019200 10106878
3 4 202985 20 1.980146 0.073092 0.020421 1 10019168 10181166
3 4 451448 50 1.981054 0.085443 0.024693 1 10019216 10426182
3 4 221505 30 1.986882 0.077943 0.024607 1 10019216 10200166
3 4 363864 26 1.987553 0.089665 0.021190 1 10019264 10332806
3 4 527574 42 1.982174 0.086874 0.025430 1 10019280 10505670
3 4 220460 26 1.980309 0.076539 0.023715 1 10019200 10198198
3 4 154580 14 1.977005 0.077916 0.019483 1 10019296 10128630
3 4 250036 24 1.977148 0.075946 0.022644 1 10019232 10228270
3 4 331331 30 1.978925 0.090575 0.023964 1 10019152 10300246
3 4 466528 48 1.979828 0.088434 0.023516 1 10019200 10437902
3 4 281239 32 1.986351 0.090674 0.023659 1 10019216 10249254
3 4 278231 30 1.981004 0.078063 0.022663 1 10019232 10256982
3 4 196656 28 1.984647 0.073807 0.020190 1 10019152 10173694
3 4 209893 26 1.977885 0.073281 0.021094 1 10019216 10188022
3 4 361692 34 1.981165 0.079404 0.023398 1 10019216 10341542
3 4 136967 18 1.985650 0.077268 0.019764 1 10019104 10112550
3 4 122030 8 1.987975 0.068361 0.019634 1 10019216 10099982
3 4 378637 34 1.984165 0.079191 0.021424 1 10019152 10356006
3 4 289961 24 1.986276 0.083183 0.022538 1 10019184 10264790
3 4 211633 26 1.978613 0.073850 0.020926 1 10019248 10190918
3 4 282435 32 1.979345 0.076979 0.021725 1 10019216 10260942
3 4 261075 32 1.981635 0.079720 0.023381 1 10019184 10238350
3 4 431547 48 1.973648 0.087658 0.025821 1 10019232 10404222
3 4 345760 34 1.984647 0.080340 0.022131 1 10019200 10323254
3 4 489104 40 1.981596 0.095558 0.025128 1 10019200 10458734
3 4 271240 30 1.985713 0.076934 0.022840 1 10019248 10249670
3 4 303063 32 1.979115 0.078950 0.022995 1 10019184 10281534
3 4 381150 38 1.981783 0.080725 0.022813 1 10019248 10359654
3 4 227123 30 1.977653 0.086992 0.022583 1 10019216 10198062
3 4 198215 26 1.977780 0.072931 0.021713 1 10019216 10177958
3 4 238835 26 1.978826 0.079287 0.025017 1 10019216 10216950
3 4 230741 28 1.983825 0.085510 0.022389 1 10019232 10201502
3 4 431586 36 1.982556 0.081719 0.022091 1 10019184 10409598
3 4 259855 24 1.984127 0.075371 0.020651 1 10019248 10237662
3 4 199714 18 1.985892 0.078747 0.020534 1 10019168 10173694
3 4 370190 32 1.981279 0.078188 0.022148 1 10019264 10348574
3 4 345366 32 1.979501 0.078873 0.022510 1 10019232 10324254
3 4 325762 30 1.972434 0.081597 0.024211 1 10019232 10304582
3 4 276409 26 1.990582 0.076385 0.021814 1 10019168 10255494
3 4 460576 42 1.988595 0.095414 0.023588 1 10019216 10429678
3 4 358442 32 1.981715 0.088943 0.023730 1 10019216 10330430
3 4 359613 40 1.983782 0.082598 0.024053 1 10019200 10336110
3 4 234948 32 1.983804 0.085701 0.023419 1 10019104 10206246
3 4 509482 48 1.982286 0.088812 0.027446 1 10019152 10486478
3 4 95811 10 1.983841 0.080836 0.019368 1 10019200 10071926
3 4 303676 26 1.980924 0.077417 0.022107 1 10019152 10282758
3 4 96155 10 1.983012 0.075047 0.018868 1 10019248 10071582
3 4 308666 22 1.979940 0.077407 0.023592 1 10019200 10288118
3 4 257495 36 1.988039 0.080471 0.024165 1 10019216 10235070
3 4 259572 34 1.981848 0.080231 0.022671 1 10019264 10237254
3 4 168639 26 1.982014 0.073833 0.022513 1 10019248 10148870
3 4 267620 30 1.981646 0.078501 0.024567 1 10019232 10245830
3 4 213606 20 1.980977 0.085446 0.021720 1 10019232 10187558
3 4 273179 26 1.983853 0.085462 0.022741 1 10019216 10247766
3 4 143435 14 1.982013 0.079918 0.020294 1 10019168 10117902
3 4 222146 22 1.989055 0.076794 0.023224 1 10019216 10201478
3 4 280559 32 1.981268 0.089846 0.024618 1 10019168 10253150
3 4 208104 24 1.986958 0.076093 0.020870 1 10019216 10186526
3 4 405778 42 1.984260 0.094021 0.023142 1 10019280 10373566
3 4 341330 32 1.982682 0.082779 0.023521 1 10019216 10318510
3 4 349207 26 1.979088 0.089969 0.024059 1 10019216 10320662
3 4 281468 30 1.980599 0.077718 0.022753 1 10019248 10259830
3 4 317224 32 1.983315 0.080915 0.023189 1 10019280 10295422
3 4 219096 24 1.986023 0.076633 0.023177 1 10019168 10196958
3 4 369559 38 1.989069 0.081175 0.023605 1 10019216 10347190
3 4 367999 36 1.982042 0.082123 0.024788 1 10019232 10345470
3 4 365044 32 1.987589 0.090132 0.023066 1 10019184 10333030
3 4 150899 6 1.983275 0.075122 0.020255 1 10019200 10128878
3 4 242657 22 1.977944 0.075700 0.021725 1 10019152 10221158
3 4 346609 36 1.975290 0.081042 0.021822 1 10019248 10324222
3 4 246677 22 1.984593 0.084290 0.020191 1 10019264 10219766
3 4 249852 32 1.982651 0.078727 0.024698 1 10019232 10228942
3 4 205807 20 1.986932 0.083179 0.022010 1 10019264 10178838
3 4 323291 32 1.986041 0.079234 0.023626 1 10019168 10302318
3 4 267709 38 1.980977 0.077313 0.021120 1 10019216 10245958
3 4 228241 18 1.980182 0.075429 0.022892 1 10019248 10207062
3 4 483364 38 1.977506 0.084492 0.024160 1 10019296 10462454
3 4 273577 28 1.974633 0.076754 0.021881 1 10019216 10251630
3 4 385248 38 1.985202 0.081195 0.024625 1 10019184 10364598
3 4 197514 32 1.984769 0.075278 0.021763 1 10019248 10176526
3 4 279382 30 1.984557 0.085787 0.022734 1 10019216 10251782
3 4 250849 28 1.977480 0.074332 0.019680 1 10019232 10228974
3 4 357176 36 1.977357 0.080800 0.023095 1 10019200 10334382
3 4 455546 34 1.982531 0.088608 0.022570 1 10019200 10420822
3 4 191327 28 1.973465 0.073238 0.021309 1 10019168 10170046
3 4 263115 32 1.978632 0.076397 0.020215 1 10019200 10240750
3 4 166694 24 1.991675 0.082852 0.021616 1 10019200 10139174
3 4 366839 38 1.979968 0.092610 0.022594 1 10019168 10334462
3 4 331922 34 1.981015 0.079680 0.023030 1 10019248 10310022
3 4 312638 32 1.985327 0.079177 0.023218 1 10019168 10291214
3 4 159006 18 1.990180 0.070498 0.018709 1 10019216 10138950
3 4 348718 38 1.979970 0.079157 0.021625 1 10019216 10326662
3 4 334765 32 1.973975 0.077930 0.021452 1 10019200 10313422
3 4 200273 22 1.980807 0.073929 0.020961 1 10019232 10180326
3 4 373052 38 1.979969 0.077995 0.021018 1 10019232 10351510
3 6 172915 28 2.026724 0.090317 0.020931 1 10043920 10193934
3 6 164166 32 2.022455 0.089842 0.022061 1 10039456 10182206
3 6 129655 28 2.018432 0.090723 0.021264 1 10044992 10153390
3 6 260112 44 2.020568 0.112372 0.024141 1 10039392 10267158
3 6 153321 38 2.018906 0.093353 0.022667 1 10045072 10175718
3 6 210963 30 2.013600 0.104797 0.022535 1 10039520 10220782
3 6 143632 28 2.020249 0.093079 0.024234 1 10045072 10166398
3 6 146467 32 2.019688 0.092537 0.022619 1 10044768 10168374
3 6 217832 46 2.020882 0.096826 0.023913 1 10044304 10237086
3 6 144199 30 2.024119 0.088332 0.023224 1 10039200 10161102
3 6 159431 42 2.018997 0.092346 0.022064 1 10044800 10181614
3 6 217060 52 2.019455 0.114675 0.023829 1 10044544 10226206
3 6 160171 38 2.012839 0.088766 0.022422 1 10039152 10176910
3 6 142441 38 2.013042 0.090008 0.022954 1 10044144 10163214
3 6 142049 28 2.023563 0.103900 0.020914 1 10044800 10158678
3 6 130135 30 2.022077 0.089782 0.022820 1 10044832 10153342
3 6 195464 44 2.020478 0.114016 0.024080 1 10044560 10204022
3 6 132793 24 2.015973 0.098776 0.020635 1 10039136 10145446
3 6 270709 58 2.018750 0.105354 0.025039 1 10045072 10283350
3 6 233596 44 2.020864 0.114365 0.022980 1 10044464 10241854
3 6 148739 32 2.016255 0.097271 0.024180 1 10045120 10173022
3 6 204213 54 2.017020 0.101706 0.029403 1 10044768 10224846
3 6 100144 16 2.020849 0.099516 0.020092 1 10044400 10119430
3 6 124494 22 2.025056 0.102390 0.021382 1 10044704 10144534
3 6 128841 28 2.016729 0.091418 0.024330 1 10044688 10151510
3 6 257300 56 2.021364 0.120642 0.025472 1 10045120 10262478
3 6 213374 38 2.018327 0.094978 0.026557 1 10038496 10229214
3 6 127238 30 2.022694 0.090513 0.022971 1 10044448 10147814
3 6 218411 52 2.013776 0.096673 0.026977 1 10039376 10234830
3 6 180335 38 2.011996 0.112528 0.024753 1 10044768 10191950
3 6 197526 32 2.017481 0.109710 0.021465 1 10045136 10212950
3 6 146298 30 2.032757 0.102496 0.022585 1 10044496 10166078
3 6 102438 18 2.024688 0.085696 0.021478 1 10039072 10119822
3 6 245679 46 2.020382 0.115281 0.025364 1 10045072 10257998
3 6 226027 46 2.020457 0.097002 0.024875 1 10045072 10247846
3 6 93792 16 2.017210 0.084618 0.020819 1 10044816 10118806
3 6 169773 38 2.011816 0.094934 0.025985 1 10044752 10192798
3 6 148120 34 2.015601 0.094141 0.024645 1 10045040 10171318
3 6 219874 50 2.023864 0.100262 0.024742 1 10044240 10235182
3 6 94548 18 2.023249 0.087980 0.022329 1 10044512 10117014
3 6 169821 40 2.018490 0.093537 0.024280 1 10044352 10191230
3 6 224689 56 2.019353 0.100734 0.026057 1 10045008 10244766
3 6 181661 42 2.015826 0.099165 0.024802 1 10044736 10193886
3 6 104419 14 2.021790 0.087441 0.022211 1 10044448 10126262
3 6 169686 44 2.021947 0.111392 0.024884 1 10044480 10182070
3 6 219081 42 2.017494 0.113017 0.024901 1 10044720 10230886
3 6 90266 18 2.019705 0.085714 0.021547 1 10044496 10112838
3 6 152685 32 2.019705 0.092746 0.023987 1 10044816 10176294
3 6 144337 32 2.018037 0.090916 0.024177 1 10039424 10162798
3 6 166611 44 2.020199 0.094605 0.025772 1 10045008 10189566
3 6 136502 26 2.020510 0.103447 0.019030 1 10045072 10154046
3 6 99258 18 2.015404 0.101516 0.021903 1 10044736 10118646
3 6 180037 48 2.015527 0.096942 0.023609 1 10044432 10198670
3 6 150185 36 2.021205 0.091135 0.022030 1 10044416 10172318
3 6 115870 26 2.020212 0.103601 0.022252 1 10045008 10134214
3 6 198369 50 2.022811 0.100115 0.027670 1 10045088 10220534
3 6 100169 18 2.016076 0.100872 0.020287 1 10044496 10117838
3 6 176743 46 2.022190 0.095860 0.024563 1 10044480 10197654
3 6 134778 30 2.017647 0.089495 0.022851 1 10039456 10152182
3 6 96455 16 2.015406 0.087172 0.021781 1 10044384 10119054
3 6 169866 36 2.016586 0.094060 0.022551 1 10044656 10192758
3 6 150613 30 2.021092 0.091572 0.021580 1 10044784 10171694
3 6 81952 10 2.020237 0.098914 0.022339 1 10045088 10102870
3 6 152566 34 2.017175 0.092382 0.022884 1 10044448 10174182
3 6 137554 26 2.019524 0.105935 0.022433 1 10045088 10154406
3 6 161545 42 2.017961 0.094476 0.022618 1 10045072 10183622
3 6 74985 10 2.017892 0.084092 0.019168 1 10044512 10098822
3 6 128732 30 2.014326 0.091990 0.022884 1 10044384 10151270
3 6 113433 26 2.017392 0.089438 0.021835 1 10044416 10136054
3 6 237576 46 2.019592 0.116177 0.023281 1 10044736 10246302
3 6 127838 28 2.018494 0.091219 0.022134 1 10045104 10150734
3 6 117141 24 2.016710 0.105204 0.022980 1 10044784 10134214
3 6 94111 16 2.017745 0.100534 0.021695 1 10044720 10114454
3 6 162254 38 2.018123 0.109997 0.021917 1 10044720 10175118
3 6 155059 30 2.022734 0.090212 0.021977 1 10043984 10175302
3 6 146791 38 2.014116 0.093843 0.023224 1 10045056 10168758
3 6 111176 24 2.009272 0.090046 0.021188 1 10044384 10133630
3 6 206035 40 2.021991 0.096811 0.024585 1 10039440 10215662
3 6 129075 30 2.019173 0.090509 0.022695 1 10044544 10150454
3 6 208788 46 2.024650 0.116034 0.022676 1 10044736 10217454
3 6 116669 24 2.020762 0.091117 0.021017 1 10045072 10139790
3 6 129843 30 2.019819 0.091966 0.021389 1 10045088 10152630
3 6 193388 40 2.019253 0.092030 0.023060 1 10039408 10209950
3 6 206961 48 2.013562 0.113093 0.025252 1 10044784 10219806
3 6 182436 44 2.012214 0.103879 0.022872 1 10044448 10189006
3 6 105618 12 2.018355 0.087268 0.023375 1 10039104 10122150
3 6 185524 50 2.021809 0.100195 0.025248 1 10044784 10206350
3 6 148441 38 2.020908 0.091470 0.022601 1 10044576 10171078
3 6 166436 34 2.017076 0.091944 0.022841 1 10044480 10189014
3 6 135430 32 2.024077 0.107759 0.022272 1 10045088 10152006
3 6 183535 30 2.025132 0.105602 0.022048 1 10039040 10190774
3 6 137131 28 2.012679 0.092897 0.023162 1 10044112 10159222
3 6 296325 60 2.011253 0.106781 0.023984 1 10039408 10296062
3 6 192385 36 2.017890 0.106731 0.022830 1 10039376 10203446
3 6 112299 22 2.020393 0.090640 0.022845 1 10045056 10137318
3 6 143252 36 2.018265 0.093416 0.021501 1 10044752 10164822
3 6 160627 42 2.017006 0.096063 0.021181 1 10044528 10180582
3 6 176808 38 2.022880 0.092595 0.023060 1 10044208 10199006
3 6 282717 60 2.019523 0.101026 0.026799 1 10039152 10296166
3 6 111387 24 2.017543 0.089272 0.022169 1 10044208 10132774
3 8 135014 44 2.022492 0.111648 0.022082 1 10069632 10206046
3 8 90449 24 2.022954 0.105146 0.020735 1 10069856 10161318
3 8 88566 18 2.022993 0.122320 0.021657 1 10064736 10145222
3 8 144369 42 2.022782 0.110460 0.023725 1 10069312 10212846
3 8 151494 48 2.019462 0.121028 0.022456 1 10069920 10205254
3 8 127494 40 2.022153 0.111744 0.021634 1 10073120 10203566
3 8 247025 76 2.018503 0.147052 0.025632 1 10068960 10299350
3 8 100459 28 2.016784 0.105090 0.021559 1 10069552 10172062
3 8 158816 44 2.020187 0.137126 0.025844 1 10070240 10218798
3 8 82691 18 2.021221 0.106557 0.021071 1 10073936 10160038
3 8 72362 10 2.024558 0.123387 0.022325 1 10069616 10141014
3 8 113366 28 2.019311 0.108134 0.021333 1 10070336 10185598
3 8 95380 20 2.018524 0.129265 0.020565 1 10073424 10166758
3 8 133485 40 2.021693 0.111744 0.023556 1 10069680 10200782
3 8 129819 36 2.017614 0.133366 0.022412 1 10068656 10189358
3 8 187877 56 2.017684 0.142379 0.024321 1 10069680 10242470
3 8 144645 50 2.022059 0.113381 0.023499 1 10069632 10213830
3 8 80981 18 2.021030 0.103646 0.023237 1 10069200 10149894
3 8 122555 36 2.020056 0.137715 0.022098 1 10074736 10196494
3 8 95411 24 2.018992 0.128224 0.023616 1 10069776 10164342
3 8 96181 22 2.020663 0.106275 0.020603 1 10069136 10165486
3 8 154666 42 2.019510 0.120230 0.024478 1 10068976 10208294
3 8 113246 34 2.016356 0.104591 0.021699 1 10065136 10177246
3 8 96232 20 2.016942 0.108767 0.022176 1 10073408 10174102
3 8 135317 44 2.026539 0.111682 0.021899 1 10068720 10202166
3 8 141718 42 2.028623 0.137489 0.023842 1 10069440 10198582
3 8 81656 16 2.021556 0.103668 0.020138 1 10069616 10154510
3 8 108894 28 2.023867 0.107748 0.024243 1 10069136 10177782
3 8 122703 42 2.020753 0.110388 0.023739 1 10069904 10193294
3 8 122531 28 2.024869 0.134853 0.023449 1 10069792 10182766
3 8 100515 26 2.012975 0.131324 0.021652 1 10073008 10169430
3 8 103634 30 2.015884 0.109265 0.021645 1 10072960 10179310
3 8 100406 16 2.025822 0.125931 0.021856 1 10069728 10164694
3 8 107763 32 2.021682 0.108379 0.024549 1 10069856 10179174
3 8 101999 28 2.020352 0.108722 0.024495 1 10070368 10174510
3 8 93985 26 2.024924 0.107051 0.023524 1 10068720 10163982
3 8 138727 38 2.020368 0.111038 0.024039 1 10069568 10210326
3 8 112259 34 2.023186 0.108384 0.022210 1 10068832 10181238
3 8 135496 46 2.018659 0.113561 0.026315 1 10069296 10203086
3 8 86635 18 2.018067 0.124005 0.022529 1 10069200 10153382
3 8 167065 62 2.024341 0.119082 0.024475 1 10069904 10232430
3 8 94075 26 2.025198 0.109341 0.020742 1 10070512 10164494
3 8 96274 26 2.020316 0.105083 0.020895 1 10068336 10163174
3 8 148499 48 2.027181 0.136831 0.025383 1 10069568 10207550
3 8 140482 32 2.018349 0.108471 0.022497 1 10069984 10211910
3 8 136694 46 2.031277 0.111111 0.023176 1 10069648 10205574
3 8 146725 52 2.022010 0.115657 0.025579 1 10068992 10210414
3 8 93197 24 2.019116 0.103991 0.022734 1 10065344 10155934
3 8 83955 18 2.018198 0.123086 0.023001 1 10069584 10152086
3 8 138576 46 2.026718 0.136689 0.023015 1 10069648 10195254
3 8 103301 34 2.024966 0.109083 0.022210 1 10069504 10171190
3 8 105445 32 2.022368 0.107605 0.023378 1 10068384 10173198
3 8 154301 44 2.023111 0.114413 0.023939 1 10069584 10223454
3 8 154462 38 2.020006 0.133123 0.021662 1 10069856 10214174
3 8 121617 42 2.015354 0.115815 0.023616 1 10074080 10197598
3 8 137366 50 2.016225 0.111623 0.024640 1 10069344 10206638
3 8 177412 54 2.020128 0.113294 0.025396 1 10068864 10245846
3 8 115123 28 2.021237 0.130624 0.024496 1 10069312 10177494
3 8 95412 24 2.023074 0.106547 0.024009 1 10069312 10165814
3 8 130859 40 2.024375 0.112282 0.023662 1 10069216 10200374
3 8 112903 32 2.037269 0.107676 0.022120 1 10069536 10182926
3 8 102186 32 2.021448 0.108454 0.023891 1 10069888 10172598
3 8 101339 20 2.017176 0.128682 0.024298 1 10069216 10164646
3 8 83478 16 2.020768 0.104493 0.023141 1 10069280 10154038
3 8 116909 24 2.022898 0.131755 0.023739 1 10070064 10179446
3 8 159207 56 2.025912 0.114583 0.024473 1 10068496 10225662
3 8 95664 26 2.015397 0.130536 0.022022 1 10074096 10170782
3 8 90608 20 2.021489 0.108275 0.021773 1 10074112 10171062
3 8 115796 34 2.025822 0.110508 0.024129 1 10069872 10187214
3 8 751483 166 2.024701 0.177192 0.023433 1 10069840 10790662
3 8 165647 58 2.020321 0.121867 0.024234 1 10069440 10224110
3 8 148758 56 2.015947 0.113924 0.025348 1 10069568 10218670
3 8 151436 50 2.028170 0.113712 0.024122 1 10069296 10220238
3 8 142746 38 2.024303 0.134497 0.024808 1 10068896 10202246
3 8 105880 28 2.023086 0.107150 0.022235 1 10069552 10176830
3 8 92211 24 2.020047 0.106738 0.022625 1 10069952 10162870
3 8 112910 30 2.025762 0.133222 0.025828 1 10070096 10175758
3 8 120523 36 2.021970 0.107795 0.022549 1 10065056 10183222
3 8 128075 40 2.020368 0.136164 0.022676 1 10069888 10190094
3 8 336762 80 2.023884 0.124576 0.021047 1 10069568 10397134
3 8 123707 48 2.018139 0.114134 0.024014 1 10070176 10193822
3 8 123610 34 2.025067 0.110431 0.022929 1 10069856 10193182
3 8 137263 32 2.035969 0.131919 0.026014 1 10069344 10201230
3 8 132156 36 2.025480 0.108264 0.022874 1 10065088 10193766
3 8 124595 32 2.020955 0.131097 0.022182 1 10069360 10183198
3 8 129160 38 2.021038 0.118048 0.021061 1 10069360 10185150
3 8 125416 34 2.024876 0.110491 0.022910 1 10068944 10193622
3 8 148812 44 2.018633 0.113005 0.021487 1 10068608 10214358
3 8 110564 30 2.023563 0.110273 0.023211 1 10069168 10180110
3 8 89277 24 2.022410 0.108090 0.022206 1 10074272 10168222
3 8 121946 22 2.020024 0.106527 0.021437 1 10069312 10191390
3 8 148161 40 2.023179 0.139585 0.020478 1 10073728 10212590
3 8 110137 36 2.026022 0.112400 0.022800 1 10073408 10186358
3 8 110125 30 2.028500 0.108703 0.023730 1 10069952 10180206
3 8 141812 46 2.022488 0.112135 0.025432 1 10064544 10201566
3 8 132191 44 2.018658 0.112812 0.022729 1 10069280 10199942
3 8 115529 38 2.019805 0.110442 0.021013 1 10069072 10183718
3 8 152433 44 2.023842 0.137536 0.026112 1 10068448 10205078
3 8 139025 34 2.026821 0.110957 0.023033 1 10069280 10207422
3 8 132085 32 2.023741 0.130513 0.023431 1 10064912 10185830
4 2 351201 26 2.508258 0.089512 0.025922 1 12014504 12309830
4 2 687115 36 2.501304 0.090693 0.030434 1 12014552 12653686
4 2 533768 30 2.503926 0.095026 0.027644 1 12014520 12492462
4 2 182507 20 2.502893 0.078608 0.026477 1 12014552 12148726
4 2 156503 22 2.503380 0.073006 0.022309 1 12014536 12123166
4 2 469955 30 2.504295 0.096089 0.029609 1 12014552 12428214
4 2 418430 32 2.507131 0.091234 0.026549 1 12014472 12376582
4 2 920033 42 2.498819 0.097763 0.030343 1 12014504 12885646
4 2 361099 24 2.504415 0.084480 0.028953 1 12014536 12327318
4 2 519065 32 2.501071 0.086103 0.026951 1 12014536 12485206
4 2 780612 42 2.501375 0.094944 0.030736 1 12014536 12744974
4 2 244019 18 2.509685 0.085378 0.022852 1 12014504 12204662
4 2 490669 18 2.503242 0.087033 0.026080 1 12014536 12454590
4 2 804219 30 2.501740 0.098702 0.028481 1 12014504 12762110
4 2 528436 42 2.496167 0.089452 0.030693 1 12014504 12492798
4 2 501451 22 2.502380 0.092119 0.026825 1 12014552 12461406
4 2 553132 26 2.501544 0.084695 0.024506 1 12014520 12519086
4 2 613202 26 2.511622 0.086233 0.025751 1 12014536 12579054
4 2 549787 22 2.503429 0.091115 0.025976 1 12014520 12509310
4 2 614343 22 2.501935 0.093814 0.025392 1 12014456 12574094
4 2 736561 40 2.499452 0.093056 0.031967 1 12014536 12701766
4 2 646482 38 2.503439 0.089739 0.028582 1 12014536 12611678
4 2 628575 34 2.496409 0.099544 0.027138 1 12014488 12582998
4 2 544441 26 2.512433 0.086239 0.026130 1 12014552 12510094
4 2 635196 48 2.501947 0.096505 0.030816 1 12014488 12594358
4 2 284610 24 2.514437 0.089167 0.026040 1 12014552 12243358
4 2 495047 30 2.506668 0.087447 0.028361 1 12014504 12460942
4 2 486419 42 2.506405 0.100961 0.031605 1 12014504 12440726
4 2 510775 36 2.508843 0.087415 0.028895 1 12014504 12476150
4 2 347058 34 2.499243 0.084628 0.029750 1 12014504 12312958
4 2 247992 28 2.496111 0.082972 0.028183 1 12014504 12214006
4 2 658262 36 2.506469 0.092251 0.030322 1 12014520 12623766
4 2 774890 44 2.506662 0.092897 0.029960 1 12014536 12740150
4 2 622625 30 2.501053 0.098252 0.031108 1 12014536 12581358
4 2 416224 10 2.498677 0.077430 0.024054 1 12014504 12383006
4 2 619273 36 2.510016 0.090554 0.031854 1 12014584 12584966
4 2 306040 16 2.503082 0.078286 0.027459 1 12014584 12272758
4 2 615763 22 2.500378 0.093139 0.028763 1 12014536 12575862
4 2 792191 30 2.499653 0.092570 0.030091 1 12014504 12757326
4 2 245390 12 2.502784 0.078065 0.022740 1 12014520 12209982
4 2 313305 28 2.513341 0.082154 0.027814 1 12014536 12278566
4 2 442052 30 2.514888 0.094821 0.031038 1 12014552 12400878
4 2 543058 42 2.503871 0.102735 0.033302 1 12014504 12496662
4 2 584750 32 2.507170 0.088641 0.029700 1 12014488 12550326
4 2 568302 32 2.502866 0.090970 0.032369 1 12014456 12531910
4 2 185827 16 2.491723 0.073893 0.024902 1 12014520 12152230
4 2 659945 40 2.499255 0.091250 0.029998 1 12014568 12625190
4 2 883953 40 2.501421 0.096939 0.031952 1 12014520 12849926
4 2 1007644 46 2.506172 0.112550 0.033384 1 12014520 12961542
4 2 482155 30 2.509064 0.094472 0.028824 1 12014456 12439094
4 2 427618 26 2.509009 0.081907 0.028477 1 12014504 12393710
4 2 246326 12 2.499270 0.074689 0.023894 1 12014536 12212070
4 2 428594 30 2.501329 0.085240 0.030980 1 12014504 12393902
4 2 731946 34 2.502634 0.093159 0.030108 1 12014520 12698062
4 2 254078 34 2.499419 0.082111 0.027712 1 12014552 12218462
4 2 667664 34 2.504210 0.090611 0.028906 1 12014520 12634062
4 2 610758 46 2.505156 0.104310 0.030781 1 12014488 12563454
4 2 222727 26 2.507094 0.076065 0.023346 1 12014504 12187950
4 2 579708 36 2.507433 0.088073 0.030178 1 12014488 12544294
4 2 720507 44 2.499876 0.094775 0.032258 1 12014520 12686102
4 2 185073 20 2.497742 0.073485 0.024511 1 12014504 12151702
4 2 435549 36 2.497929 0.088512 0.033091 1 12014536 12401366
4 2 244361 16 2.500151 0.083341 0.023407 1 12014504 12206726
4 2 495779 28 2.501829 0.107879 0.027790 1 12014536 12435326
4 2 784005 44 2.510796 0.094615 0.029852 1 12014536 12748438
4 2 460534 30 2.498666 0.084009 0.027550 1 12014520 12425614
4 2 314864 26 2.506116 0.090855 0.027081 1 12014520 12271918
4 2 383745 28 2.503514 0.081542 0.025833 1 12014440 12349190
4 2 120733 12 2.494740 0.070378 0.024218 1 12014536 12087558
4 2 316752 24 2.502930 0.087946 0.027351 1 12014520 12276726
4 2 403579 32 2.504057 0.084633 0.029878 1 12014504 12368454
4 2 218408 20 2.500679 0.075143 0.022911 1 12014488 12185238
4 2 619748 44 2.510327 0.093273 0.032344 1 12014472 12583766
4 2 314063 22 2.499423 0.076934 0.025635 1 12014488 12280910
4 2 251324 16 2.500616 0.084030 0.024930 1 12014488 12212326
4 2 690398 44 2.494715 0.093127 0.029857 1 12014504 12655110
4 2 471210 42 2.494566 0.086926 0.030526 1 12014504 12436750
4 2 588028 42 2.502426 0.094050 0.033991 1 12014552 12553646
4 2 936049 40 2.517315 0.105058 0.032598 1 12014520 12891614
4 2 494326 24 2.503340 0.094432 0.029903 1 12014520 12452326
4 2 738808 28 2.508462 0.090216 0.029026 1 12014488 12705558
4 2 486728 34 2.504050 0.097318 0.029157 1 12014584 12440134
4 2 251079 24 2.502478 0.078478 0.028757 1 12014504 12217606
4 2 614294 34 2.498462 0.089980 0.030851 1 12014568 12580798
4 2 409332 36 2.500129 0.085743 0.028803 1 12014568 12374982
4 2 123771 12 2.502006 0.075509 0.021264 1 12014504 12086974
4 2 216900 20 2.509934 0.074893 0.024612 1 12014472 12183158
4 2 428713 18 2.501649 0.079427 0.024981 1 12014472 12394814
4 2 654771 30 2.505855 0.099605 0.030218 1 12014600 12612630
4 2 247502 16 2.502644 0.076532 0.023545 1 12014520 12214550
4 2 638029 40 2.504589 0.100223 0.031048 1 12014552 12594878
4 2 372668 18 2.495323 0.084749 0.026318 1 12014536 12335678
4 2 369693 22 2.500104 0.081191 0.028044 1 12014520 12337198
4 2 423010 24 2.499130 0.086000 0.028612 1 12014536 12389222
4 2 534868 42 2.501700 0.088667 0.030983 1 12014600 12499774
4 2 782146 32 2.515901 0.097687 0.027709 1 12014488 12740726
4 2 554111 34 2.505281 0.087871 0.031020 1 12014504 12519182
4 2 606457 42 2.505209 0.094445 0.028711 1 12014520 12559870
4 2 677722 24 2.490968 0.085189 0.026849 1 12014520 12643078
4 2 523613 30 2.500243 0.087636 0.028614 1 12014584 12489694
4 4 87795 30 2.668059 0.142416 0.025342 1 12131320 12243694
4 4 91573 30 2.669572 0.144053 0.026360 1 12131384 12246926
4 4 155464 80 2.674057 0.204671 0.033290 1 12131176 12286166
4 4 107718 48 2.673378 0.149628 0.029037 1 12131336 12260598
4 4 105483 26 2.670458 0.144383 0.027838 1 12131176 12262030
4 4 106537 48 2.669944 0.148977 0.029927 1 12131240 12261414
4 4 2388120 794 2.677597 0.428244 0.046605 1 12131320 14378894
4 4 139350 70 2.662290 0.160169 0.032073 1 12131064 12288782
4 4 82545 34 2.668983 0.146602 0.027274 1 12131192 12237166
4 4 95829 40 2.669876 0.148012 0.029170 1 12131288 12250038
4 4 90142 42 2.667693 0.147495 0.028834 1 12131128 12245182
4 4 122824 46 2.671735 0.192365 0.030168 1 12131160 12263678
4 4 156277 58 2.673482 0.159990 0.031556 1 12131192 12303566
4 4 169748 66 2.670315 0.206858 0.030602 1 12131288 12294270
4 4 157896 70 2.676627 0.161311 0.033522 1 12131256 12302798
4 4 127043 62 2.670533 0.157698 0.034664 1 12131256 12278142
4 4 131906 50 2.668698 0.156459 0.034094 1 12131240 12285134
4 4 155188 62 2.665483 0.200161 0.034461 1 12131352 12291646
4 4 135054 64 2.667819 0.162917 0.034960 1 12131224 12280694
4 4 92620 28 2.669472 0.180700 0.027375 1 12131304 12243382
4 4 99894 44 2.672187 0.149370 0.028578 1 12131208 12256214
4 4 116557 50 2.670361 0.153129 0.030504 1 12131256 12267182
4 4 109457 38 2.664162 0.190419 0.029972 1 12131304 12252302
4 4 141442 72 2.659008 0.161058 0.034814 1 12131368 12291174
4 4 175439 72 2.668216 0.162928 0.035929 1 12131240 12323142
4 4 98702 42 2.667737 0.146646 0.027677 1 12131176 12253006
4 4 119663 46 2.675927 0.190471 0.027794 1 12131128 12259766
4 4 137413 68 2.685514 0.156856 0.031685 1 12131448 12288486
4 4 113015 42 2.676145 0.150013 0.027782 1 12131192 12267966
4 4 111057 36 2.675055 0.146420 0.028723 1 12131160 12267366
4 4 74172 16 2.667031 0.142432 0.026443 1 12131192 12230358
4 4 136107 56 2.664788 0.197565 0.033536 1 12131224 12276510
4 4 114669 62 2.665277 0.155947 0.030529 1 12131208 12263598
4 4 97617 46 2.672863 0.150609 0.028599 1 12131240 12250846
4 4 135247 54 2.667447 0.197692 0.035183 1 12131176 12276846
4 4 137012 62 2.674889 0.203154 0.033271 1 12131224 12268742
4 4 142577 56 2.672068 0.193031 0.028863 1 12131432 12283406
4 4 139557 62 2.670779 0.155441 0.030368 1 12131304 12293150
4 4 150561 86 2.684502 0.162074 0.030571 1 12131096 12301310
4 4 93377 34 2.663830 0.186061 0.026219 1 12131352 12239390
4 4 139869 56 2.665677 0.160406 0.030303 1 12131272 12286102
4 4 121605 36 2.669605 0.191719 0.028309 1 12131192 12265462
4 4 131569 40 2.672231 0.151720 0.028203 1 12131160 12284838
4 4 98338 54 2.677702 0.155150 0.029752 1 12131400 12252046
4 4 135196 78 2.669908 0.162775 0.035743 1 12131304 12283102
4 4 101810 52 2.675382 0.152162 0.031967 1 12131240 12256342
4 4 101351 50 2.678651 0.151040 0.029881 1 12131176 12255166
4 4 143448 76 2.662627 0.162444 0.035606 1 12131240 12292070
4 4 149918 78 2.671304 0.205641 0.033531 1 12131192 12283462
4 4 95528 34 2.673149 0.148520 0.028681 1 12131144 12250302
4 4 154228 76 2.679000 0.202315 0.029726 1 12131144 12286062
4 4 86973 34 2.677380 0.151171 0.032145 1 12131240 12240238
4 4 136296 60 2.674605 0.160132 0.033154 1 12131240 12288054
4 4 126114 60 2.669019 0.156386 0.031492 1 12131176 12280982
4 4 109848 52 2.672081 0.158033 0.029562 1 12131112 12254886
4 4 125725 52 2.663164 0.158438 0.031884 1 12131288 12274454
4 4 93631 42 2.662094 0.151635 0.028836 1 12131224 12249262
4 4 127046 70 2.675901 0.159005 0.029177 1 12131176 12274398
4 4 77664 20 2.669729 0.142280 0.026642 1 12131176 12233494
4 4 77519 22 2.669206 0.145659 0.029309 1 12131112 12233070
4 4 113181 64 2.706870 0.152800 0.027922 1 12131320 12267510
4 4 120108 44 2.678433 0.189713 0.026658 1 12131288 12261910
4 4 84926 30 2.674693 0.147340 0.029561 1 12131224 12239998
4 4 115734 62 2.668950 0.161688 0.032692 1 12131240 12262702
4 4 132286 74 2.667710 0.158126 0.032608 1 12131080 12285182
4 4 108298 44 2.677039 0.155043 0.033673 1 12131256 12264358
4 4 129796 60 2.676660 0.155784 0.030406 1 12131160 12278582
4 4 124536 52 2.675448 0.157679 0.033158 1 12131272 12272950
4 4 147470 74 2.672475 0.162746 0.035007 1 12131368 12300238
4 4 132610 58 2.668830 0.195158 0.029503 1 12131128 12271126
4 4 102565 50 2.667013 0.155046 0.031671 1 12131240 12257358
4 4 133836 60 2.667580 0.162039 0.030708 1 12131096 12279238
4 4 105472 48 2.672969 0.153919 0.027184 1 12131400 12255078
4 4 120221 56 2.665180 0.196000 0.032633 1 12131160 12261446
4 4 108105 44 2.670629 0.152742 0.030723 1 12131112 12262966
4 4 136800 82 2.670079 0.161582 0.030938 1 12131448 12287614
4 4 116751 58 2.670543 0.159562 0.029176 1 12131064 12262702
4 4 129074 68 2.677919 0.198622 0.030426 1 12131304 12268478
4 4 117246 64 2.667734 0.156679 0.032231 1 12131208 12271734
4 4 113454 42 2.664824 0.189511 0.029901 1 12131256 12258958
4 4 89715 34 2.672412 0.183033 0.027402 1 12131160 12237566
4 4 143276 58 2.669816 0.156101 0.030488 1 12131176 12297422
4 4 120983 52 2.674394 0.148488 0.025868 1 12131288 12276630
4 4 102243 50 2.668544 0.154463 0.033742 1 12131272 12255950
4 4 119557 62 2.669146 0.198478 0.033567 1 12131208 12258926
4 4 132623 56 2.676330 0.157510 0.033077 1 12131352 12283286
4 4 133246 48 2.666202 0.194521 0.031751 1 12131224 12273606
4 4 84324 34 2.670519 0.146030 0.026425 1 12131240 12240206
4 4 102893 48 2.672275 0.150459 0.029832 1 12131272 12259606
4 4 133033 66 2.676703 0.159663 0.033593 1 12131192 12286910
4 4 101896 46 2.671096 0.192411 0.029089 1 12131240 12246358
4 4 112001 50 2.669574 0.154490 0.031929 1 12131272 12265758
4 4 79415 22 2.678211 0.145622 0.028395 1 12131256 12235326
4 4 110797 50 2.678679 0.152514 0.030554 1 12131096 12264942
4 4 114898 46 2.677799 0.193484 0.026801 1 12131240 12254926
4 4 103362 48 2.665424 0.152618 0.030382 1 12131272 12257750
4 4 133605 60 2.670971 0.201202 0.031951 1 12131144 12269806
4 4 106866 38 2.680053 0.148410 0.025313 1 12131144 12260958
4 4 103222 52 2.678240 0.154182 0.031090 1 12131128 12255510
4 4 153702 64 2.676268 0.202359 0.032275 1 12131208 12289998
4 6 93964 64 2.708249 0.331404 0.035364 1 12433384 12753110
4 6 129836 86 2.707423 0.492473 0.039829 1 12471288 12828934
4 6 97930 64 2.700238 0.358899 0.039821 1 12474648 12822558
4 6 93919 74 2.708195 0.355951 0.040627 1 12469272 12812294
4 6 102973 86 2.701979 0.365585 0.042593 1 12474776 12832726
4 6 76541 34 2.702993 0.340211 0.034112 1 12464536 12791694
4 6 84089 52 2.704432 0.355212 0.040228 1 12473976 12812302
4 6 79566 38 2.712728 0.347928 0.037442 1 12470328 12804742
4 6 74113 20 2.711903 0.333780 0.030589 1 12464264 12789286
4 6 100128 78 2.710114 0.359599 0.044358 1 12467112 12812414
4 6 82960 42 2.702865 0.349511 0.037227 1 12471336 12807262
4 6 87162 62 2.693862 0.351632 0.039815 1 12470040 12809846
4 6 95257 84 2.698859 0.361196 0.044592 1 12470056 12815310
4 6 76462 34 2.703478 0.346807 0.035930 1 12472760 12805238
4 6 99957 64 2.704411 0.332239 0.039899 1 12427096 12740478
4 6 105454 52 2.703197 0.482479 0.037436 1 12473640 12816174
4 6 76424 32 2.706584 0.324581 0.036401 1 12434696 12740758
4 6 99251 54 2.709655 0.478070 0.038575 1 12469416 12806838
4 6 68193 12 2.710972 0.341284 0.032551 1 12474152 12800862
4 6 87910 36 2.708642 0.475500 0.035011 1 12475624 12811478
4 6 90171 48 2.696622 0.355575 0.036661 1 12470728 12805142
4 6 115882 90 2.702834 0.364354 0.042522 1 12469432 12829582
4 6 84238 54 2.705326 0.351519 0.038630 1 12467336 12802414
4 6 124538 76 2.707104 0.375758 0.040218 1 12470296 12813646
4 6 82346 42 2.705109 0.325219 0.035686 1 12430040 12736750
4 6 101620 80 2.704512 0.368519 0.043502 1 12474312 12823350
4 6 104988 76 2.719728 0.360856 0.042106 1 12472968 12830318
4 6 91325 52 2.702406 0.356049 0.037495 1 12471352 12810022
4 6 110566 56 2.701683 0.343265 0.038003 1 12435240 12756814
4 6 109713 72 2.706065 0.483045 0.041624 1 12471192 12822310
4 6 109865 74 2.703249 0.489410 0.041416 1 12470440 12814750
4 6 81731 48 2.701660 0.354050 0.038351 1 12474696 12813598
4 6 90993 56 2.703236 0.351716 0.036864 1 12469992 12815782
4 6 120892 82 2.704338 0.376697 0.042893 1 12470408 12817462
4 6 90133 58 2.706581 0.353780 0.037240 1 12465544 12802174
4 6 99449 72 2.703216 0.365220 0.042416 1 12469352 12812918
4 6 87554 52 2.698802 0.350984 0.037664 1 12470088 12811030
4 6 81488 42 2.704664 0.329643 0.036894 1 12435384 12745710
4 6 81625 40 2.708081 0.350737 0.034804 1 12471336 12806678
4 6 88278 56 2.714040 0.348044 0.037007 1 12460136 12790206
4 6 81703 44 2.709600 0.350729 0.035481 1 12469560 12803862
4 6 75735 34 2.704657 0.342093 0.034431 1 12462744 12787790
4 6 100383 85 2.709115 0.363460 0.042908 1 12470808 12819430
4 6 97357 82 2.698910 0.361958 0.043484 1 12467432 12812662
4 6 80677 48 2.699193 0.346046 0.037106 1 12464120 12795718
4 6 124847 82 2.706489 0.497613 0.041980 1 12474504 12831878
4 6 90127 60 2.706142 0.334353 0.040335 1 12435000 12753582
4 6 101900 65 2.707210 0.362113 0.038434 1 12471112 12819070
4 6 101908 72 2.706520 0.363284 0.041321 1 12473896 12828582
4 6 116874 68 2.705451 0.483971 0.039800 1 12466424 12816366
4 6 102557 78 2.700007 0.367180 0.044064 1 12471160 12818758
4 6 95830 42 2.701450 0.473897 0.035550 1 12466024 12799078
4 6 97881 84 2.706602 0.365629 0.044363 1 12470792 12821462
4 6 77975 26 2.705156 0.467359 0.034639 1 12470696 12798750
4 6 109591 62 2.705547 0.457399 0.040750 1 12435416 12753870
4 6 81373 46 2.706764 0.352687 0.039761 1 12468776 12802382
4 6 89225 54 2.704385 0.354651 0.038534 1 12466760 12800726
4 6 86024 56 2.701031 0.329044 0.036728 1 12430216 12739766
4 6 90750 54 2.696510 0.358574 0.037761 1 12470456 12806806
4 6 106837 98 2.700304 0.369542 0.042788 1 12474360 12830550
4 6 84205 32 2.704990 0.465060 0.035097 1 12467256 12796198
4 6 123465 80 2.704207 0.351191 0.043849 1 12426536 12747678
4 6 84378 50 2.703369 0.349206 0.038738 1 12461944 12792254
4 6 110650 92 2.709080 0.344735 0.042105 1 12434920 12772878
4 6 86528 56 2.704954 0.355560 0.038544 1 12468936 12806574
4 6 103183 66 2.701606 0.343704 0.037613 1 12434760 12752022
4 6 94202 74 2.700335 0.363556 0.040517 1 12471512 12814710
4 6 105207 76 2.700136 0.366137 0.040569 1 12470088 12817670
4 6 78867 36 2.705474 0.350287 0.033646 1 12470856 12802326
4 6 101539 66 2.700671 0.363801 0.040270 1 12473544 12819494
4 6 124941 92 2.706546 0.499514 0.043501 1 12470024 12821254
4 6 81258 38 2.708308 0.346693 0.035725 1 12463576 12792254
4 6 87296 50 2.703420 0.334433 0.036613 1 12433880 12748302
4 6 94133 72 2.704120 0.361097 0.043322 1 12470360 12813510
4 6 74214 20 2.699711 0.341741 0.032269 1 12467928 12794846
4 6 83250 46 2.697671 0.351097 0.036956 1 12467512 12803142
4 6 105103 68 2.707090 0.359863 0.037461 1 12473928 12834430
4 6 103136 88 2.707929 0.371648 0.045204 1 12469752 12818166
4 6 109987 92 2.703134 0.370361 0.041018 1 12474328 12838662
4 6 125733 70 2.703289 0.382413 0.042549 1 12474184 12820470
4 6 80489 38 2.702484 0.350022 0.037969 1 12469800 12802118
4 6 99796 70 2.703587 0.363890 0.042388 1 12469992 12819190
4 6 95222 68 2.706248 0.359986 0.041749 1 12465144 12802334
4 6 98763 78 2.701695 0.362854 0.040890 1 12470088 12818014
4 6 92593 52 2.714247 0.332806 0.035773 1 12430552 12740406
4 6 96618 64 2.703347 0.364136 0.042498 1 12468808 12810526
4 6 75931 36 2.704819 0.346489 0.036838 1 12466952 12795254
4 6 83790 52 2.703309 0.356029 0.040087 1 12471496 12809886
4 6 82718 40 2.706759 0.354804 0.037647 1 12474344 12812758
4 6 97563 66 2.711140 0.340075 0.040173 1 12430504 12747542
4 6 94967 44 2.702144 0.478441 0.036046 1 12469752 12804110
4 6 94501 66 2.700565 0.363466 0.042727 1 12470680 12811094
4 6 71895 26 2.708507 0.318944 0.033537 1 12426696 12724214
4 6 115043 90 2.703387 0.370194 0.042087 1 12474824 12838894
4 6 88641 66 2.708653 0.361179 0.038006 1 12474200 12818670
4 6 108210 56 2.702120 0.448582 0.038044 1 12431752 12750822
4 6 102976 50 2.702109 0.479430 0.037559 1 12467032 12804926
4 6 114881 78 2.708068 0.492131 0.043674 1 12470664 12817878
4 6 99221 70 2.704440 0.364888 0.040065 1 12470824 12815286
4 6 96682 70 2.704515 0.345443 0.042066 1 12435592 12755526
4 8 126726 90 2.721593 0.685459 0.052668 1 12984888 13692758
4 8 76127 38 2.719027 0.656902 0.042285 1 13004840 13713886
4 8 85550 54 2.716587 0.630464 0.047180 1 12944776 13615966
4 8 79359 48 2.721403 0.661129 0.044682 1 13002344 13711806
4 8 94458 70 2.722219 0.626160 0.050511 1 12926168 13587718
4 8 77339 41 2.716542 0.654525 0.045385 1 12996456 13702206
4 8 79545 46 2.712155 0.657927 0.044383 1 13001304 13709726
4 8 96934 76 2.709158 0.668771 0.052270 1 12987816 13696878
4 8 98190 62 2.717495 0.865996 0.048714 1 12930264 13593446
4 8 86388 62 2.716466 0.663704 0.048405 1 12995400 13703870
4 8 95512 48 2.715458 0.970714 0.046629 1 13056776 13807702
4 8 77082 36 2.721688 0.680851 0.043825 1 13041608 13777582
4 8 79486 44 2.716989 0.669924 0.047941 1 13013160 13730430
4 8 82132 54 2.718723 0.654335 0.049506 1 12981880 13681238
4 8 80423 36 2.711467 0.918089 0.045080 1 13006888 13717406
4 8 116723 97 2.712704 0.714868 0.051920 1 13051336 13814918
4 8 104753 66 2.714419 0.636253 0.047595 1 12934712 13604142
4 8 95905 74 2.711604 0.639850 0.051721 1 12939656 13616590
4 8 75726 32 2.725324 0.652656 0.041111 1 12992664 13693206
4 8 87423 56 2.722906 0.669787 0.047255 1 13006744 13724438
4 8 88506 56 2.713524 0.667966 0.046498 1 12999432 13710558
4 8 102838 91 2.718071 0.669416 0.050805 1 12986472 13701270
4 8 82342 44 2.714543 0.692756 0.047276 1 13046152 13788350
4 8 78657 44 2.714056 0.660035 0.048228 1 12995016 13700790
4 8 96590 72 2.721803 0.677235 0.055068 1 12993624 13705118
4 8 113772 90 2.721016 0.690565 0.062452 1 12991672 13704070
4 8 73758 26 2.794761 0.652534 0.042610 1 12994648 13693806
4 8 87171 74 2.724696 0.665657 0.055610 1 12983896 13685998
4 8 78436 44 2.722762 0.659096 0.045246 1 12996792 13703758
4 8 83913 52 2.714588 0.628461 0.042276 1 12945000 13620326
4 8 104903 84 2.715918 0.670990 0.046456 1 12993496 13714934
4 8 83098 58 2.714597 0.667057 0.052911 1 12994856 13704446
4 8 102415 78 2.720062 0.679693 0.056457 1 12994840 13708702
4 8 91470 50 2.718674 0.664989 0.049534 1 12991016 13694430
4 8 104499 88 2.721619 0.684481 0.053659 1 13003592 13726286
4 8 96013 58 2.717937 0.672119 0.047726 1 12993160 13700470
4 8 121221 84 2.723568 0.934478 0.054344 1 12989352 13701582
4 8 83423 46 2.714239 0.651692 0.044334 1 12983784 13684598
4 8 74260 32 2.717735 0.650752 0.042136 1 12989848 13689766
4 8 108457 66 2.719117 0.924820 0.051054 1 12992040 13705334
4 8 101356 80 2.723918 0.705859 0.047501 1 13055240 13817646
4 8 88620 68 2.721586 0.665387 0.048145 1 12993576 13704934
4 8 96336 62 2.729052 0.670976 0.051642 1 12989432 13696126
4 8 96757 46 2.719738 0.912902 0.049148 1 12986280 13688022
4 8 104256 88 2.714899 0.675252 0.048386 1 13000824 13728694
4 8 96125 66 2.712348 0.675396 0.048104 1 13004440 13723590
4 8 91315 70 2.724098 0.668738 0.051035 1 12989272 13696206
4 8 74055 26 2.725621 0.654195 0.042014 1 12996856 13699430
4 8 129784 94 2.715236 0.945787 0.058314 1 12983224 13693742
4 8 93862 82 2.722703 0.674059 0.055480 1 12989624 13699894
4 8 102203 58 2.718809 0.928830 0.049023 1 12994504 13705294
4 8 99645 54 2.722796 0.916667 0.049247 1 12986104 13688446
4 8 96245 76 2.716874 0.677992 0.049700 1 13003336 13725942
4 8 104657 89 2.709050 0.677913 0.055405 1 12991416 13709230
4 8 89665 76 2.714364 0.683590 0.056989 1 13010520 13734542
4 8 91628 64 2.717584 0.682139 0.052165 1 13012920 13734654
4 8 70055 14 2.733180 0.681363 0.040460 1 13052584 13790478
4 8 125419 98 2.722178 0.688280 0.051271 1 12996120 13737510
4 8 100590 108 2.731938 0.687860 0.063555 1 12992568 13712374
4 8 93568 60 2.718757 0.673805 0.050657 1 12992488 13701542
4 8 95037 86 2.723777 0.691786 0.055247 1 13011992 13735902
4 8 77851 32 2.732688 0.682721 0.040737 1 13044360 13781438
4 8 94560 66 2.710151 0.666858 0.051848 1 12986440 13690390
4 8 96594 50 2.720951 0.928340 0.049256 1 12999848 13711862
4 8 96012 74 2.717466 0.672548 0.054094 1 12987608 13694942
4 8 87710 70 2.718187 0.666957 0.051870 1 12989928 13697278
4 8 134814 114 2.718150 1.003207 0.065549 1 13046136 13806374
4 8 82444 30 2.718455 0.905594 0.040649 1 12987160 13684390
4 8 97174 68 2.721091 0.673284 0.049735 1 13000120 13721542
4 8 90291 38 2.715477 0.955655 0.043458 1 13041912 13779974
4 8 101655 54 2.719507 0.907201 0.045158 1 12979544 13679102
4 8 100053 68 2.715511 0.671886 0.048681 1 12990840 13699094
4 8 93066 76 2.718529 0.669260 0.054500 1 12989928 13700038
4 8 96204 82 2.726969 0.672977 0.052120 1 12990744 13700422
4 8 95206 74 2.717282 0.672934 0.050032 1 12997384 13715302
4 8 105309 69 2.727956 0.924732 0.048207 1 12990808 13703510
4 8 126279 78 2.718650 0.934156 0.047283 1 12998232 13728174
4 8 77778 44 2.716631 0.658442 0.044593 1 12995416 13698542
4 8 102571 58 2.712987 0.926001 0.050999 1 12995016 13704838
4 8 79764 30 2.719699 0.903032 0.044051 1 12991368 13689822
4 8 100032 52 2.723902 0.662482 0.047381 1 12978056 13673806
4 8 87664 32 2.722331 0.897746 0.043278 1 12978808 13671478
4 8 80375 48 2.719836 0.657512 0.044905 1 12993544 13697974
4 8 92543 78 2.711533 0.641166 0.055863 1 12933816 13602918
4 8 105899 75 2.729877 0.660633 0.040293 1 12990040 13711486
4 8 99732 95 2.715770 0.668867 0.053484 1 12985240 13699190
4 8 80438 30 2.717679 0.689600 0.042786 1 13054008 13803486
4 8 97671 96 2.722692 0.681733 0.061086 1 12991448 13706950
4 8 99277 77 2.716797 0.678229 0.046252 1 13007768 13734374
4 8 97502 72 2.727070 0.719678 0.051565 1 13057832 13816126
4 8 73462 30 2.720850 0.657386 0.044360 1 13002984 13709270
4 8 81965 50 2.720113 0.664161 0.048787 1 12997032 13704742
4 8 125888 102 2.719791 0.942166 0.060695 1 12985208 13698318
4 8 104321 68 2.711260 0.934003 0.049970 1 12998744 13713046
4 8 111931 68 2.713852 0.932840 0.047634 1 13000920 13724510
4 8 74663 34 2.726875 0.698331 0.046182 1 13065336 13816870
4 8 95642 66 2.723827 0.667252 0.052509 1 12982072 13684718
4 8 76153 36 2.716915 0.660987 0.046087 1 13000056 13705414
4 8 82726 56 2.717801 0.670305 0.049578 1 13002792 13717206
4 8 80821 46 2.716009 0.662566 0.048900 1 12995352 13704126
5 2 316546 58 3.054722 0.120986 0.037244 1 14041312 14312758
5 2 351169 36 3.056968 0.132333 0.035672 1 14041200 14346222
5 2 146601 36 3.049761 0.107714 0.035730 1 14041216 14151726
5 2 190455 24 3.051496 0.121477 0.035789 1 14041248 14190222
5 2 239150 44 3.053860 0.115810 0.038561 1 14041344 14243662
5 2 250577 68 3.051706 0.125730 0.043072 1 14041264 14240846
5 2 170290 34 3.049424 0.123329 0.036893 1 14041328 14165862
5 2 339006 40 3.056930 0.112860 0.032770 1 14041376 14343582
5 2 393647 54 3.066389 0.118114 0.038742 1 14041328 14398822
5 2 160266 44 3.055307 0.109831 0.040670 1 14041312 14166542
5 2 343058 44 3.066405 0.118733 0.042714 1 14041328 14346622
5 2 212156 18 3.052038 0.104574 0.032960 1 14041296 14219222
5 2 198984 40 3.046350 0.126824 0.037090 1 14041360 14193518
5 2 170038 48 3.063001 0.115066 0.036218 1 14041328 14173582
5 2 278326 42 3.066562 0.129802 0.037755 1 14041360 14271950
5 2 313784 64 3.065179 0.139012 0.039606 1 14041376 14300678
5 2 286363 74 3.065639 0.126955 0.039506 1 14041456 14280406
5 2 224271 36 3.055026 0.124348 0.034235 1 14041264 14221494
5 2 156718 16 3.052058 0.098399 0.027206 1 14041392 14162910
5 2 357026 50 3.051669 0.117796 0.041328 1 14041232 14361254
5 2 378623 32 3.059701 0.129814 0.040551 1 14041296 14375734
5 2 191330 48 3.060395 0.129335 0.039484 1 14041312 14186382
5 2 238915 44 3.070043 0.111357 0.036514 1 14041248 14243310
5 2 197890 50 3.062831 0.112121 0.033332 1 14041328 14198998
5 2 224965 48 3.055022 0.114814 0.036529 1 14041312 14229454
5 2 183761 24 3.051582 0.104264 0.033123 1 14041312 14190366
5 2 362236 66 3.050617 0.124655 0.034772 1 14041376 14361526
5 2 283304 36 3.054287 0.114122 0.032245 1 14041184 14288078
5 2 122135 12 3.059116 0.107599 0.028684 1 14041360 14125254
5 2 275948 68 3.065583 0.122993 0.038887 1 14041312 14276446
5 2 173172 32 3.058932 0.106082 0.033361 1 14041344 14178542
5 2 191933 26 3.070212 0.122123 0.035719 1 14041280 14190782
5 2 260636 56 3.074915 0.114138 0.037267 1 14041296 14262862
5 2 269150 44 3.069548 0.156901 0.040354 1 14041296 14238582
5 2 303512 56 3.059569 0.136569 0.037503 1 14041328 14291782
5 2 267697 80 3.051549 0.122859 0.040234 1 14041344 14266670
5 2 282559 34 3.066059 0.112074 0.033384 1 14041344 14287078
5 2 375088 32 3.057898 0.124820 0.033847 1 14041392 14374110
5 2 256161 46 3.059526 0.117695 0.041717 1 14041280 14260598
5 2 126121 24 3.058193 0.104245 0.035762 1 14041328 14131678
5 2 328514 38 3.057455 0.127115 0.034226 1 14041248 14326030
5 2 220616 36 3.054547 0.108694 0.035564 1 14041376 14225598
5 2 204549 44 3.050904 0.113537 0.036863 1 14041280 14208734
5 2 324814 58 3.052209 0.119015 0.040178 1 14041248 14330918
5 2 477203 78 3.053510 0.126620 0.038569 1 14041312 14481382
5 2 177826 46 3.053381 0.114611 0.040339 1 14041312 14181926
5 2 338751 32 3.056652 0.112984 0.031126 1 14041360 14341534
5 2 340846 42 3.057099 0.134547 0.036828 1 14041312 14335502
5 2 216282 32 3.051328 0.152912 0.054693 1 14041360 14210126
5 2 221453 42 3.233265 0.113089 0.035820 1 14041296 14226598
5 2 176925 34 3.074062 0.125337 0.035322 1 14041296 14170150
5 2 367527 60 3.054872 0.122851 0.040064 1 14041408 14369646
5 2 282374 46 3.057999 0.114756 0.038203 1 14041296 14288598
5 2 224159 42 3.062350 0.133707 0.037525 1 14041296 14214814
5 2 327248 50 3.055838 0.116768 0.037818 1 14041312 14330966
5 2 245850 60 3.060198 0.124156 0.042327 1 14041360 14239278
5 2 289410 38 3.046523 0.113214 0.036309 1 14041296 14294374
5 2 244144 58 3.053666 0.118285 0.036011 1 14041408 14246390
5 2 177536 34 3.061942 0.123532 0.032763 1 14041360 14172214
5 2 333409 64 3.065718 0.142396 0.041557 1 14041280 14319454
5 2 97348 30 3.057582 0.105562 0.034369 1 14041312 14102038
5 2 204055 28 3.056594 0.107799 0.032562 1 14041376 14209790
5 2 249783 62 3.059411 0.125850 0.042609 1 14041344 14243718
5 2 279173 60 3.062436 0.122745 0.038350 1 14041312 14279710
5 2 441227 60 3.053453 0.138158 0.036895 1 14041184 14434230
5 2 231578 64 3.054079 0.138495 0.038367 1 14041312 14219374
5 2 412318 110 3.053991 0.132280 0.041424 1 14041344 14408150
5 2 186643 50 3.066666 0.111538 0.033811 1 14041296 14190886
5 2 256409 62 3.060000 0.121748 0.040020 1 14041280 14254998
5 2 402585 72 3.053752 0.120815 0.042576 1 14041296 14406414
5 2 224815 58 3.067697 0.117523 0.037973 1 14041296 14225894
5 2 319244 58 3.047633 0.137254 0.040963 1 14041456 14310294
5 2 219534 32 3.050303 0.110880 0.034051 1 14041312 14223342
5 2 253807 58 3.055276 0.117586 0.039133 1 14041264 14256566
5 2 284239 34 3.053301 0.110410 0.032483 1 14041328 14288294
5 2 221361 38 3.061667 0.111222 0.032942 1 14041344 14225862
5 2 130434 24 3.069957 0.117662 0.034511 1 14041312 14132374
5 2 195734 54 3.059205 0.111855 0.036749 1 14041344 14200198
5 2 558443 64 3.058530 0.125653 0.033855 1 14041344 14552398
5 2 190350 42 3.056996 0.108855 0.036091 1 14041376 14196470
5 2 256019 50 3.059565 0.134747 0.040526 1 14041360 14246126
5 2 342878 54 3.052346 0.120436 0.038113 1 14041264 14343126
5 2 332873 46 3.056290 0.114910 0.032859 1 14041232 14335382
5 2 155165 44 3.063313 0.107749 0.035143 1 14041232 14159390
5 2 301449 82 3.054995 0.142965 0.038583 1 14041328 14283622
5 2 114221 28 3.053849 0.105073 0.032640 1 14041328 14118846
5 2 163247 28 3.061328 0.103527 0.028679 1 14041344 14167998
5 2 116190 16 3.047461 0.110891 0.028446 1 14041328 14117726
5 2 246756 26 3.049437 0.105896 0.032643 1 14041360 14253654
5 2 302670 72 3.067780 0.123009 0.038904 1 14041360 14301678
5 2 303422 66 3.056668 0.141195 0.039213 1 14041408 14291486
5 2 279992 52 3.056552 0.114651 0.036283 1 14041264 14284974
5 2 313452 34 3.060848 0.131024 0.038826 1 14041232 14307214
5 2 147759 38 3.053590 0.107899 0.033628 1 14041216 14150518
5 2 306697 46 3.055883 0.110167 0.033013 1 14041232 14312342
5 2 272096 56 3.057283 0.121162 0.041339 1 14041312 14272382
5 2 236315 56 3.048604 0.131951 0.038944 1 14041312 14227838
5 2 312649 40 3.063249 0.114400 0.034354 1 14041328 14316862
5 2 279924 30 3.054568 0.110149 0.035123 1 14041296 14284662
5 2 249515 46 3.061436 0.112789 0.039056 1 14041280 14254854
5 4 93074 70 3.281769 0.612460 0.043452 1 14922640 15532902
5 4 291756 270 3.284643 0.718514 0.071907 1 14922096 15640566
5 4 117853 86 3.280101 0.860183 0.052712 1 14922640 15541134
5 4 93546 66 3.277537 0.612783 0.046850 1 14922640 15531830
5 4 97332 80 3.274576 0.619975 0.051695 1 14922368 15538366
5 4 97613 70 3.276820 0.620686 0.051682 1 14922528 15534758
5 4 79074 32 3.279832 0.599376 0.040634 1 14922832 15527086
5 4 114340 106 3.281506 0.632353 0.053483 1 14922016 15542438
5 4 92165 42 3.274489 0.837251 0.042660 1 14922256 15526286
5 4 87913 58 3.275853 0.614333 0.048613 1 14922768 15528342
5 4 136372 134 3.274146 0.631094 0.049833 1 14922752 15572182
5 4 100622 84 3.288242 0.619640 0.047937 1 14922704 15543166
5 4 95584 50 3.270552 0.845980 0.048315 1 14922400 15528558
5 4 102564 112 3.268343 0.626308 0.053219 1 14922000 15543934
5 4 130846 108 3.276323 0.874426 0.058575 1 14922224 15547318
5 4 112423 74 3.277852 0.865635 0.052700 1 14922416 15535526
5 4 125437 106 3.280995 0.633357 0.050990 1 14922208 15549686
5 4 117873 90 3.282269 0.636190 0.055751 1 14922208 15540598
5 4 90138 68 3.284488 0.614777 0.048456 1 14922160 15532750
5 4 91890 54 3.278026 0.618130 0.045762 1 14922384 15528758
5 4 110070 62 3.281407 0.850537 0.046905 1 14922368 15536958
5 4 78620 38 3.284033 0.603804 0.043902 1 14922688 15524342
5 4 80202 46 3.277357 0.607518 0.045261 1 14922400 15525142
5 4 133924 130 3.278690 0.642929 0.051490 1 14922384 15557558
5 4 97257 56 3.277701 0.609780 0.043628 1 14922720 15539902
5 4 93931 86 3.273552 0.622750 0.054998 1 14922336 15537174
5 4 113205 64 3.277870 0.852598 0.049112 1 14922192 15541678
5 4 100029 64 3.275982 0.853847 0.049030 1 14922352 15531046
5 4 97296 68 3.270597 0.616424 0.049589 1 14922480 15539438
5 4 91296 52 3.276442 0.609951 0.044195 1 14922256 15536030
5 4 135369 74 3.283181 0.856781 0.045244 1 14922304 15558782
5 4 90914 72 3.281900 0.619596 0.053180 1 14922272 15535310
5 4 101123 80 3.285752 0.619688 0.049235 1 14922848 15544334
5 4 81645 46 3.282802 0.608969 0.043660 1 14922128 15526934
5 4 119684 94 3.284192 0.869489 0.058900 1 14922432 15541950
5 4 137701 100 3.277256 0.640030 0.050907 1 14922288 15552574
5 4 96604 52 3.271612 0.846621 0.047488 1 14922800 15527998
5 4 101807 86 3.276745 0.625536 0.046539 1 14922016 15541478
5 4 97272 48 3.291293 0.847685 0.045407 1 14922704 15530934
5 4 116722 84 3.282532 0.638447 0.051323 1 14922240 15536046
5 4 107976 64 3.282288 0.616650 0.041677 1 14922592 15547486
5 4 84733 50 3.275995 0.612186 0.046254 1 14922560 15530918
5 4 88255 68 3.276657 0.619001 0.052367 1 14922288 15534206
5 4 94622 84 3.280908 0.625132 0.053609 1 14922384 15536798
5 4 122190 102 3.267027 0.640947 0.054398 1 14922880 15543270
5 4 97272 78 3.269385 0.626211 0.052888 1 14921920 15533190
5 4 83648 54 3.278809 0.613637 0.047473 1 14921984 15527862
5 4 669062 736 3.278708 0.827323 0.113146 1 14922496 16030078
5 4 241947 348 3.273447 0.685799 0.070626 1 14922432 15677566
5 4 102272 56 3.274401 0.852747 0.047880 1 14922576 15529990
5 4 102916 56 3.282428 0.850434 0.047117 1 14922096 15531822
5 4 85894 60 3.277935 0.617027 0.051907 1 14922848 15530238
5 4 152180 124 3.268884 0.886687 0.059511 1 14922160 15559934
5 4 92283 84 3.270371 0.623531 0.052822 1 14922768 15535502
5 4 93932 68 3.283950 0.620954 0.048588 1 14922176 15531854
5 4 141417 98 3.279995 0.868800 0.045367 1 14922400 15558806
5 4 73546 28 3.286527 0.602977 0.040119 1 14922304 15521310
5 4 86780 48 3.273956 0.611737 0.044778 1 14922752 15528078
5 4 98612 96 3.277350 0.629127 0.055920 1 14922544 15540622
5 4 100911 62 3.272735 0.625322 0.053153 1 14922352 15533718
5 4 83887 56 3.269628 0.613701 0.049592 1 14922416 15528974
5 4 91834 66 3.270251 0.619498 0.049256 1 14922672 15533270
5 4 98005 90 3.279802 0.621578 0.049869 1 14922128 15539798
5 4 92772 38 3.280183 0.844961 0.046185 1 14922736 15527550
5 4 79820 48 3.270368 0.609486 0.045525 1 14922096 15526702
5 4 117949 108 3.278247 0.642050 0.059532 1 14922608 15540798
5 4 92949 58 3.285145 0.844229 0.045129 1 14922304 15527990
5 4 85699 50 3.276076 0.613673 0.048410 1 14922656 15529814
5 4 95011 62 3.277685 0.622334 0.051371 1 14922016 15530326
5 4 184715 180 3.272567 0.650572 0.058067 1 14922672 15622062
5 4 79892 38 3.283039 0.605164 0.043514 1 14922576 15526326
5 4 91597 72 3.275867 0.615708 0.047291 1 14922400 15533918
5 4 101116 88 3.279749 0.623547 0.048123 1 14922384 15541966
5 4 103142 56 3.278304 0.849614 0.042795 1 14922672 15531558
5 4 116685 96 3.280395 0.629417 0.048464 1 14922432 15545406
5 4 138402 94 3.273936 0.648517 0.054515 1 14922384 15538886
5 4 92796 88 3.271765 0.624808 0.055721 1 14922064 15534846
5 4 89786 72 3.272967 0.614356 0.046480 1 14922800 15533710
5 4 134097 98 3.275259 0.649116 0.053858 1 14922176 15541350
5 4 106461 88 3.283594 0.624105 0.049779 1 14922432 15546734
5 4 93014 40 3.273541 0.841545 0.044864 1 14922112 15527182
5 4 102942 50 3.286811 0.851371 0.052223 1 14922096 15532078
5 4 99510 68 3.281438 0.618717 0.044759 1 14922576 15535438
5 4 138924 150 3.275762 0.647701 0.060411 1 14922752 15570822
5 4 81953 48 3.270209 0.606734 0.043412 1 14922096 15527534
5 4 94753 72 3.277503 0.619623 0.046601 1 14922032 15533006
5 4 149010 134 3.281017 0.646921 0.052489 1 14922208 15572550
5 4 89577 74 3.290518 0.620061 0.050412 1 14922576 15533094
5 4 105232 108 3.281040 0.635995 0.058398 1 14922768 15545966
5 4 89130 46 3.283099 0.840719 0.045265 1 14922368 15525094
5 4 114114 86 3.281380 0.859728 0.053032 1 14921904 15538014
5 4 110509 84 3.278006 0.623532 0.048003 1 14922896 15550830
5 4 89571 60 3.268021 0.618366 0.048555 1 14922160 15531726
5 4 98197 60 3.275207 0.622695 0.049163 1 14922928 15531470
5 4 115031 88 3.277168 0.859904 0.050725 1 14922368 15541718
5 4 127928 90 3.277620 0.868401 0.051869 1 14922896 15544774
5 4 92523 68 3.274058 0.621250 0.051421 1 14922240 15530446
5 4 93302 38 3.280758 0.844771 0.049556 1 14922432 15528526
5 4 140643 152 3.282439 0.647852 0.056706 1 14922352 15568830
5 4 102356 78 3.276237 0.626244 0.048484 1 14922752 15539478
5 6 108928 110 3.361483 4.006287 0.139242 1 18635360 21833662
5 6 110499 110 3.368884 3.097185 0.138834 1 19094528 22613862
5 6 89951 68 3.379303 2.973478 0.097118 1 18977440 22407966
5 6 99981 104 3.362481 2.768567 0.115214 1 18586480 21752878
5 6 154241 193 3.383924 4.410704 0.176101 1 19021984 22512870
5 6 130575 106 3.378196 4.388516 0.148473 1 19063088 22563422
5 6 107585 120 3.377493 3.062212 0.154732 1 18993520 22442654
5 6 101615 116 3.365032 3.061423 0.133348 1 19041712 22526134
5 6 126951 106 3.367513 3.080556 0.122549 1 19067216 22567302
5 6 97253 74 3.359435 2.772075 0.100645 1 18631952 21821286
5 6 109633 130 3.362990 2.809722 0.142806 1 18590016 21762478
5 6 105332 128 3.361572 2.828081 0.133244 1 18635824 21839502
5 6 98273 96 3.381774 3.100046 0.137496 1 19095456 22613294
5 6 159644 191 3.375247 3.175916 0.202980 1 19052928 22561830
5 6 137133 208 3.366156 2.881669 0.151665 1 18668816 21916150
5 6 4659924 11714 3.371005 11.552740 5.199853 1 19066112 25873814
5 6 82768 54 3.374471 3.003539 0.100102 1 19035616 22500806
5 6 118179 84 3.359408 3.892815 0.105369 1 18552080 21692014
5 6 130523 136 3.385674 4.343090 0.172543 1 18978160 22422222
5 6 157382 150 3.375062 4.462972 0.181733 1 19034112 22525238
5 6 97692 100 3.372793 3.081760 0.127479 1 19063920 22560590
5 6 103021 116 3.374160 3.103506 0.136714 1 19097760 22622694
5 6 92633 78 3.374276 3.047426 0.127637 1 19047328 22527078
5 6 132273 198 3.376234 3.120467 0.151609 1 19072784 22604974
5 6 96742 84 3.374573 3.027257 0.115232 1 19026848 22494886
5 6 97851 84 3.387513 3.046011 0.127189 1 19039088 22515958
5 6 92690 74 3.375988 3.075626 0.116566 1 19108400 22630462
5 6 104061 126 3.373687 3.059245 0.147209 1 19006000 22468270
5 6 90444 84 3.376630 3.049851 0.128909 1 19048832 22530238
5 6 110524 116 3.362580 2.767200 0.137047 1 18544832 21680374
5 6 126599 154 3.371104 3.158021 0.193978 1 19063600 22572630
5 6 130351 202 3.369389 3.106801 0.174064 1 19004176 22485782
5 6 119703 127 3.371062 3.093183 0.158260 1 19034112 22511262
5 6 101176 48 3.407004 3.069955 0.104949 1 19116256 22638366
5 6 91403 68 3.374360 3.105710 0.129943 1 19114880 22638734
5 6 121095 134 3.386651 2.841972 0.131406 1 18659312 21889438
5 6 81002 38 3.378284 3.025496 0.091264 1 19090352 22592078
5 6 96314 88 3.375474 2.768306 0.126118 1 18573072 21722934
5 6 116696 154 3.369117 3.105639 0.168179 1 19025232 22507422
5 6 130765 166 3.378357 3.173486 0.196290 1 19070896 22584246
5 6 121882 92 3.387671 4.425240 0.140257 1 19112112 22641374
5 6 106079 128 3.378641 3.068285 0.149162 1 19029632 22508566
5 6 88778 76 3.375156 3.031773 0.113228 1 19050960 22533150
5 6 79351 32 3.372816 2.961241 0.089495 1 18980752 22405494
5 6 96689 70 3.375823 3.010602 0.097999 1 19030128 22499694
5 6 131131 92 3.375692 3.110721 0.138409 1 19092864 22606150
5 6 128743 186 3.365428 3.101091 0.164679 1 19024336 22512870
5 6 193881 198 3.376452 3.161102 0.146517 1 19065936 22594838
5 6 88453 68 3.377869 3.049467 0.100970 1 19091824 22601766
5 6 174131 316 3.369986 3.187162 0.252097 1 18967872 22450670
5 6 1792734 5687 3.382826 6.981506 2.640202 1 19095648 24361574
5 6 95878 76 3.375229 3.063454 0.134474 1 19052528 22534150
5 6 111605 108 3.372615 3.066854 0.149262 1 19015648 22479262
5 6 79909 32 3.372059 3.003964 0.091306 1 19063136 22543998
5 6 119708 142 3.373235 3.135801 0.160437 1 19096512 22625414
5 6 184509 216 3.370250 3.157591 0.176207 1 19026544 22523182
5 6 117489 144 3.372752 3.063685 0.133268 1 19023376 22495646
5 6 136985 120 3.397963 4.383838 0.145362 1 19042560 22531094
5 6 118049 142 3.364788 2.853257 0.133998 1 18674176 21909598
5 6 102582 88 3.376374 3.052699 0.109290 1 19060592 22552742
5 6 93013 68 3.372290 3.045910 0.111653 1 19070240 22564598
5 6 81177 40 3.375714 2.995351 0.089881 1 19032416 22494950
5 6 230513 294 3.377533 4.593980 0.235313 1 19106784 22685878
5 6 100422 122 3.368127 3.138520 0.172881 1 19097280 22618670
5 6 98091 80 3.378656 3.057758 0.110634 1 19076224 22579318
5 6 125839 98 3.377730 4.418201 0.127719 1 19115536 22649574
5 6 115865 103 3.372644 3.094374 0.117990 1 19109312 22643006
5 6 121645 122 3.381808 3.110307 0.135083 1 19100304 22629110
5 6 135470 154 3.369427 2.872925 0.152486 1 18640592 21852678
5 6 125371 200 3.375425 3.123333 0.190490 1 19003632 22480942
5 6 149929 252 3.368780 2.932005 0.194378 1 18663904 21925878
5 6 98085 50 3.374772 4.306147 0.102316 1 19018464 22471950
5 6 86380 54 3.372163 3.001384 0.099634 1 19010160 22459070
5 6 83448 52 3.380153 3.035082 0.113433 1 19059136 22541534
5 6 82259 40 3.371881 2.952535 0.098244 1 18950320 22355142
5 6 92982 86 3.377706 3.100703 0.137610 1 19093712 22605494
5 6 111552 134 3.383710 3.129182 0.172627 1 19070864 22577534
5 6 105049 138 3.379257 3.127634 0.180029 1 19054480 22548726
5 6 122941 148 3.368122 3.108280 0.138395 1 19065024 22581870
5 6 97391 100 3.375587 3.033447 0.119378 1 19022288 22491878
5 6 127331 132 3.374024 3.129024 0.160201 1 19064624 22568382
5 6 131283 198 3.401876 3.136351 0.172550 1 19044352 22553222
5 6 98695 88 3.366195 2.802734 0.105623 1 18663616 21880686
5 6 117329 162 3.383274 3.085272 0.164357 1 18995552 22459158
5 6 132292 136 3.377863 3.109682 0.149206 1 19028912 22510350
5 6 100559 92 3.372416 3.047329 0.133478 1 19020672 22484198
5 6 96055 46 3.365481 3.970262 0.093878 1 18666256 21875902
5 6 84427 48 3.376823 3.061229 0.105460 1 19112064 22631710
5 6 146569 122 3.377530 4.408093 0.134080 1 19074016 22586174
5 6 97905 84 3.384866 2.786348 0.113341 1 18622928 21807414
5 6 103630 132 3.381171 3.099523 0.137285 1 19093760 22619654
5 6 100055 58 3.375781 4.225507 0.099603 1 18952672 22363750
5 6 117460 147 3.397821 3.121894 0.156213 1 19060224 22564502
5 6 94308 58 3.397634 3.024952 0.101848 1 19052704 22534190
5 6 110926 98 3.365026 2.855240 0.138835 1 18669760 21889318
5 6 79492 38 3.372081 2.986687 0.090947 1 19018608 22471150
5 6 187713 134 3.391285 4.515448 0.183724 1 19108352 22653822
5 6 100871 104 3.379140 3.077966 0.136415 1 19065168 22563478
5 6 121273 164 3.374224 3.132852 0.183064 1 19046384 22542590
5 6 99989 100 3.379940 3.031717 0.130860 1 18977920 22416126
5 8 128597 106 3.606203 12.384438 0.283992 1 28812896 38985502
5 8 97464 78 3.650052 9.214608 0.298511 1 29753120 40569286
5 8 106116 106 3.621528 8.727570 0.325399 1 28880240 39099278
5 8 100452 92 3.634546 8.604724 0.238780 1 28876624 39066558
5 8 283569 414 3.625218 12.992492 0.718033 1 28839952 39091094
5 8 94083 66 3.639130 8.681242 0.246518 1 28976048 39235638
5 8 96512 86 3.627766 8.687674 0.282063 1 28912432 39137422
5 8 139038 154 3.624948 8.834210 0.387530 1 28918528 39167230
5 8 155643 132 3.628010 8.733799 0.322582 1 28879152 39093702
5 8 260289 562 3.643254 9.629120 0.872668 1 29167888 39661262
5 8 267153 393 3.637921 9.352718 0.687561 1 29075040 39478038
5 8 94606 41 3.636495 12.388938 0.169780 1 29040688 39349966
5 8 192584 216 3.622806 12.656765 0.458925 1 28871344 39096678
5 8 85621 54 3.636560 8.703003 0.248573 1 28998544 39266894
5 8 97607 84 3.619973 8.708315 0.283128 1 28900496 39118022
5 8 152413 254 3.603574 8.394926 0.497171 1 27946208 37515510
5 8 228708 506 3.630249 9.310864 0.824463 1 28754640 38962014
5 8 122627 168 3.630074 8.795433 0.394695 1 28868912 39065294
5 8 86135 50 3.625588 8.628134 0.248405 1 28877792 39083598
5 8 159059 290 3.627661 9.091876 0.577808 1 28959152 39256790
5 8 95630 72 3.626163 8.760017 0.251683 1 29137360 39508310
5 8 172705 370 3.622920 9.238119 0.646382 1 29039296 39409086
5 8 87180 56 3.635695 8.730240 0.249009 1 29068336 39400230
5 8 97782 73 3.624102 8.536008 0.243369 1 28717712 38798854
5 8 123663 196 3.656092 9.420490 0.412774 1 29861840 40780830
5 8 140873 252 3.631798 8.922298 0.531119 1 28748000 38895342
5 8 194396 371 3.630071 9.091980 0.590055 1 28851856 39107782
5 8 157937 215 3.625489 8.914743 0.461918 1 28854336 39071942
5 8 130137 68 3.640797 8.665415 0.246259 1 28950240 39198206
5 8 119222 177 3.662347 9.341277 0.409558 1 29733856 40559862
5 8 96712 68 3.661098 9.164159 0.260633 1 29732320 40532102
5 8 111396 143 3.649286 9.200664 0.328736 1 29638624 40390262
5 8 143454 136 3.658862 13.251128 0.379036 1 29699408 40486006
5 8 154068 208 3.640391 9.053561 0.584485 1 28907920 39158542
5 8 97118 78 3.624575 8.613170 0.281085 1 28822384 38980718
5 8 126639 134 3.621143 8.722386 0.358840 1 28804752 38967790
5 8 113377 116 3.627854 8.664743 0.319140 1 28816928 38973486
5 8 137840 122 3.629977 8.880573 0.399245 1 28971680 39230110
5 8 93501 90 3.628315 8.678780 0.360568 1 28788832 38916350
5 8 128172 124 3.622273 8.625015 0.319583 1 28715712 38806190
5 8 85091 52 3.627390 8.507753 0.208305 1 28788704 38907998
5 8 93308 58 3.649794 9.076318 0.257454 1 29615856 40329558
5 8 97452 88 3.631940 8.577964 0.245013 1 28777472 38906422
5 8 730793 1086 3.660481 15.101859 1.521304 1 29823072 40952278
5 8 98391 105 3.624441 8.665648 0.317167 1 28778896 38921926
5 8 94045 82 3.638816 8.814846 0.287475 1 29099360 39457790
5 8 120606 175 3.630042 8.936795 0.435896 1 29000288 39294022
5 8 121498 144 3.627918 8.777699 0.359597 1 28852096 39047006
5 8 154984 140 3.628269 12.437857 0.350094 1 28772112 38915222
5 8 222722 375 3.647305 9.400336 0.660575 1 29159024 39624126
5 8 137576 254 3.629772 8.977422 0.461779 1 28965920 39276934
5 8 776727 2785 3.656224 13.712821 3.620915 1 29784976 41261358
5 8 446658 1375 3.638219 10.599769 1.657857 1 28841008 39292102
5 8 123573 201 3.636353 8.852126 0.420311 1 28883328 39116558
5 8 175873 406 3.631873 9.280705 0.713886 1 28985984 39339270
5 8 114608 109 3.634584 8.825937 0.322097 1 29022064 39329742
5 8 152411 262 3.627962 8.902926 0.503115 1 28726576 38857414
5 8 123042 186 3.643048 8.895687 0.432627 1 28972800 39273542
5 8 120258 114 3.636737 8.696146 0.321854 1 28824000 38995030
5 8 101339 98 3.632915 8.759702 0.319697 1 28967904 39225966
5 8 253586 639 3.637943 9.603240 0.859238 1 29055696 39503486
5 8 98055 90 3.629642 8.597475 0.279551 1 28780400 38912134
5 8 127474 190 3.658609 9.424078 0.574171 1 29586480 40301902
5 8 160102 338 3.632436 9.026726 0.604214 1 28765136 38927470
5 8 151861 263 3.657193 9.483979 0.526580 1 29658464 40449046
5 8 80288 32 3.641375 8.570801 0.170881 1 28987840 39244438
5 8 118487 163 3.626270 8.704133 0.383382 1 28714688 38813974
5 8 150391 247 3.642380 9.017309 0.502264 1 28962080 39263590
5 8 123519 152 3.622512 8.784263 0.359764 1 28809040 38961910
5 8 128336 179 3.630717 8.795271 0.357533 1 28917248 39149022
5 8 131399 112 3.637161 8.878051 0.364808 1 29050512 39379134
5 8 132554 205 3.629424 8.894070 0.466666 1 28888544 39119598
5 8 141016 131 3.624407 12.368584 0.320103 1 28719616 38821622
5 8 112465 63 3.631032 12.474966 0.251114 1 29011008 39287854
5 8 184253 398 3.637226 9.191423 0.637517 1 28892512 39177406
5 8 130241 196 3.628596 9.007078 0.500757 1 28979584 39272582
5 8 92037 74 3.639603 8.715277 0.249259 1 29004576 39301934
5 8 163859 160 3.628274 8.836726 0.317531 1 28989088 39285910
5 8 98318 78 3.637771 8.674312 0.252899 1 28937040 39188190
5 8 126876 197 3.637121 8.782412 0.419657 1 28827088 38998750
5 8 153202 233 3.654187 9.420060 0.489624 1 29631968 40394446
5 8 125775 122 3.643102 8.759851 0.358397 1 28843104 39033950
5 8 127032 107 3.636850 8.803303 0.280274 1 29009520 39311958
5 8 170606 212 3.638719 9.024299 0.431536 1 29066144 39428638
5 8 217976 269 3.635886 9.137755 0.496360 1 29055504 39429966
5 8 101023 78 3.652793 8.735345 0.251427 1 29053504 39379294
5 8 101737 117 3.626685 8.647670 0.315619 1 28752512 38873910
5 8 122099 126 3.628948 8.764545 0.323779 1 28947872 39208014
5 8 114645 159 3.644473 8.912210 0.402961 1 29040720 39369046
5 8 128685 152 3.631384 8.748928 0.424919 1 28761056 38881734
5 8 167300 348 3.633006 9.142281 0.563513 1 28930624 39235734
5 8 99985 94 3.626286 8.638718 0.284107 1 28825744 38978910
5 8 144998 109 3.636881 12.595311 0.360195 1 29029536 39343214
5 8 103783 118 3.642037 8.846629 0.324734 1 29091376 39454974
5 8 201488 242 3.634410 12.863237 0.429953 1 29107408 39502902
5 8 113148 78 3.678502 13.215626 0.345054 1 29789184 40619462
5 8 117254 154 3.635448 8.749141 0.356708 1 28862400 39056446
5 8 287960 415 3.645413 9.291507 0.598367 1 29030208 39415286
5 8 891407 2349 3.611766 11.667503 2.760583 1 27983408 38066430
5 8 125065 100 3.638647 12.446869 0.394538 1 28732992 38839310
