Sting Size|Edit Dist |Total Comm (bytes)|Literal comm|Partition Sym Diff|Total Num Partitions|Time Tree(s)|Time Recon(s)|Time Backtrack (included in Time Recon) (s)|Set Recon Success|Str Recon Success|Tree Heap SIze|High Water Heap|Rsync Comm
100000 10 4397 1668.000000 37.000000 877.000000 0.368459 0.222290 0.005783 1 1 0 7008199590141318268 2965
100000 10 7804 2478.000000 72.000000 1068.000000 0.364557 0.292822 0.008423 1 1 0 7008199590141318268 4367
100000 10 5284 2139.000000 50.000000 820.000000 0.370473 0.221521 0.002911 1 1 0 7008199590141318268 4377
100000 10 4446 1317.000000 48.000000 1038.000000 0.376466 0.280330 0.007025 1 1 0 7008199590141318268 5069
100000 10 5113 1928.000000 51.000000 805.000000 0.372683 0.211586 0.003297 1 1 0 7008199590141318268 4369
100000 10 5435 2611.000000 40.000000 918.000000 0.390375 0.247655 0.007461 1 1 0 7008199590141318268 2985
100000 10 2203 591.000000 24.000000 990.000000 0.376059 0.265198 0.009339 1 1 0 7008199590141318268 2965
100000 10 2062 450.000000 24.000000 750.000000 0.356461 0.192531 0.004990 1 1 0 7008199590141318268 2979
100000 10 13570 7757.000000 85.000000 577.000000 0.349646 0.151423 0.006282 1 1 0 7008199590141318268 3685
100000 10 5464 1927.000000 62.000000 1060.000000 0.366935 0.280749 0.007981 1 1 0 7008199590141318268 5071
100000 10 5241 2464.000000 37.000000 685.000000 0.352648 0.181709 0.005615 1 1 0 7008199590141318268 3685
