Sting Size|Edit Dist |Total Comm (bytes)|Literal comm|Partition Sym Diff|Total Num Partitions|Time Tree(s)|Time Recon(s)|Time Backtrack (included in Time Recon) (s)|Set Recon Success|Str Recon Success|Tree Heap SIze|High Water Heap|Rsync Comm
100000 10 97292 76881.000000 35.000000 35.000000 0.051046 0.080915 0.001063 1 1 0 7008199590141318268 1586
100000 10 20538 736.000000 18.000000 444.000000 0.226726 0.196965 0.001867 1 1 0 7008199590141318268 2974
100000 10 25812 3175.000000 30.000000 478.000000 0.230106 0.212245 0.002881 1 1 0 7008199590141318268 4376
100000 10 21789 2395.000000 20.000000 334.000000 0.226858 0.159431 0.001883 1 1 0 7008199590141318268 3670
100000 10 11090 1001.000000 10.000000 318.000000 0.231281 0.095108 0.001897 1 1 0 7008199590141318268 2268
100000 10 20222 2239.000000 16.000000 354.000000 0.226116 0.162965 0.002100 1 1 0 7008199590141318268 2968
100000 50 38683 6851.000000 62.000000 450.000000 0.243810 0.234332 0.006355 1 1 0 7008199590141318268 6516
100000 50 28569 3904.000000 36.000000 434.000000 0.238593 0.206499 0.004681 1 1 0 7008199590141318268 5040
100000 50 23746 3240.000000 22.000000 350.000000 0.225394 0.170278 0.004378 1 1 0 7008199590141318268 3708
100000 50 28184 5638.000000 28.000000 372.000000 0.225553 0.181101 0.004050 1 1 0 7008199590141318268 5052
100000 50 25705 4006.000000 31.000000 353.000000 0.232416 0.176635 0.004962 1 1 0 7008199590141318268 4358
100000 50 50222 17361.000000 79.000000 425.000000 0.229811 0.221419 0.004639 1 1 0 7008199590141318268 5036
100000 100 36510 11575.000000 44.000000 318.000000 0.232573 0.169940 0.004578 1 1 0 7008199590141318268 8534
