Level|Partition|Total Comm (bytes)|Literal comm|Partition Sym Diff|Total Num Partitions|Time Tree(s)|Time Recon(s)|Time Backtrack (included in Time Recon) (s)|Set Recon Success|Str Recon Success|Tree Heap SIze|High Water Heap|Rsync Comm
4 3 114131 110876.000000 32.000000 312.000000 2.467019 1.045339 0.033809 1 1 0 0 20012
4 3 167171 163215.000000 44.000000 312.000000 2.468734 1.044625 0.039869 1 1 0 0 25710
4 3 42385 40396.000000 18.000000 308.000000 2.481055 1.023226 0.034732 1 1 0 0 18678
4 3 144875 141375.000000 34.000000 312.000000 2.471895 1.037294 0.034872 1 1 0 0 22716
4 3 132423 128835.000000 34.000000 310.000000 2.451068 1.028847 0.040351 1 1 0 0 25518
4 3 74356 72375.000000 18.000000 312.000000 2.474026 1.028192 0.031513 1 1 0 0 18674
4 3 165516 162349.000000 30.000000 312.000000 2.472467 1.040168 0.041983 1 1 0 0 22902
4 3 56179 54616.000000 14.000000 312.000000 2.482086 1.031051 0.033657 1 1 0 0 18478
4 3 57183 55082.000000 20.000000 312.000000 2.484478 1.032507 0.038085 1 1 0 0 20014
4 3 48433 46819.000000 16.000000 312.000000 2.489930 1.029685 0.039166 1 1 0 0 18610
4 4 692211 688455.000000 42.000000 208.000000 1.353678 0.735673 0.009923 1 0 0 0 20018
4 4 30472 27669.000000 24.000000 800.000000 2.859224 2.547208 0.037896 1 1 0 0 21486
4 4 55577 51757.000000 40.000000 794.000000 2.867622 2.551773 0.046981 1 1 0 0 24290
4 4 984824 981553.000000 32.000000 40.000000 0.733171 0.195098 0.011043 1 0 0 0 14994
4 4 24076 20989.000000 24.000000 800.000000 2.863035 2.554920 0.037234 1 1 0 0 20046
4 4 30238 26983.000000 30.000000 800.000000 2.857488 2.574243 0.039857 1 1 0 0 21356
4 4 75821 69895.000000 56.000000 800.000000 2.850191 2.582101 0.046959 1 1 0 0 27062
4 4 51587 47751.000000 38.000000 798.000000 2.839535 2.569205 0.037890 1 1 0 0 25520
4 4 107910 102532.000000 60.000000 800.000000 2.855404 2.580743 0.046162 1 1 0 0 21462
4 4 22945 19858.000000 24.000000 720.000000 2.774250 2.324149 0.036272 1 1 0 0 19896
4 5 26248 22913.000000 30.000000 1154.000000 3.105419 3.673442 0.039535 1 1 0 0 21332
4 5 32332 29188.000000 28.000000 1236.000000 3.189644 3.919689 0.044138 1 1 0 0 21470
4 5 39707 35943.000000 36.000000 1262.000000 3.136922 3.981096 0.037556 1 1 0 0 22896
4 5 39211 33741.000000 44.000000 1244.000000 3.151698 3.923573 0.037968 1 1 0 0 25606
4 5 25044 21215.000000 36.000000 1266.000000 3.114421 4.007391 0.047025 1 1 0 0 22900
4 5 45958 40007.000000 56.000000 1164.000000 3.081982 3.691957 0.053579 1 1 0 0 28492
4 5 47556 41949.000000 46.000000 1098.000000 3.138094 3.480037 0.045596 1 1 0 0 27014
4 5 2001863 2000084.000000 17.000000 17.000000 0.702197 0.172161 0.031854 1 1 0 0 14994
4 5 8033 6272.000000 14.000000 1288.000000 3.154193 4.082738 0.042011 1 1 0 0 17180
4 5 28846 25066.000000 34.000000 1234.000000 3.142897 3.924910 0.037311 1 1 0 0 22702
4 6 28235 24875.000000 32.000000 1398.000000 3.451325 4.432532 0.039574 1 1 0 0 22722
4 6 20197 18111.000000 22.000000 1412.000000 3.467766 4.483524 0.037571 1 1 0 0 18478
4 6 43351 39490.000000 40.000000 1372.000000 3.465401 4.374534 0.038454 1 1 0 0 24262
4 6 37391 31752.000000 46.000000 1314.000000 3.456304 4.195376 0.038171 1 1 0 0 26934
4 6 18819 15451.000000 30.000000 1322.000000 3.469356 4.183625 0.038264 1 1 0 0 21294
4 6 23724 20452.000000 32.000000 974.000000 3.351720 3.126973 0.051492 1 1 0 0 21452
4 6 24003 21105.000000 26.000000 1364.000000 3.458097 4.332497 0.041650 1 1 0 0 19906
4 6 23572 18563.000000 38.000000 1444.000000 3.466759 4.558999 0.041772 1 1 0 0 24240
4 6 17450 14687.000000 24.000000 1300.000000 3.341734 4.122995 0.040327 1 1 0 0 19922
4 6 1839846 1838879.000000 8.000000 28.000000 2.232823 0.187944 0.025667 1 1 0 0 16402
4 7 39704 33898.000000 52.000000 1354.000000 3.980580 4.293307 0.045021 1 1 0 0 27056
4 7 16728 13656.000000 24.000000 1156.000000 3.980001 3.664262 0.044740 1 1 0 0 20000
4 7 25264 20255.000000 38.000000 1342.000000 3.991339 4.291154 0.045960 1 1 0 0 24262
4 7 31473 27589.000000 38.000000 1446.000000 4.003320 4.618263 0.049454 1 1 0 0 24304
4 7 28428 22942.000000 44.000000 1384.000000 3.975696 4.427128 0.045508 1 1 0 0 25654
4 7 25918 21985.000000 38.000000 1708.000000 4.012040 5.445788 0.037997 1 1 0 0 22720
