Level|Partition|Comm (bytes)|Actual Sym Diff|Time Tree(s)|Time Recon(s)|Time Backtrack (included in Time Recon) (s)|Str Recon True
100000 0.000010 63510 8 0.119019 0.069074 0.003200 1
100000 0.000100 63802 24 0.115514 0.048043 0.002786 1
100000 0.001000 72577 28 0.115434 0.050460 0.002534 1
100000 0.010000 86531 38 0.119296 0.068896 0.003297 1
100000 0.100000 118247 76 0.116504 0.065081 0.003835 1
100000 1.000000 168231 148 0.116540 0.071577 0.003930 1
400000 0.000010 64727 8 0.445085 0.085828 0.005382 1
400000 0.000100 91941 36 0.444767 0.092845 0.005752 1
400000 0.001000 86830 42 0.446832 0.084838 0.006781 1
400000 0.010000 176809 130 0.442341 0.093633 0.008528 1
400000 0.100000 332121 225 0.445814 0.119000 0.008984 1
400000 1.000000 502075 327 0.441414 0.110673 0.008269 1
800000 0.000010 78409 24 0.884948 0.081677 0.009085 1
800000 0.000100 70751 14 0.879863 0.087761 0.008881 1
800000 0.001000 123846 72 0.886274 0.095502 0.012894 1
800000 0.010000 134100 60 0.885998 0.089215 0.010385 1
800000 0.100000 331565 168 0.870118 0.116458 0.012651 1
800000 1.000000 855406 484 0.872245 0.147107 0.016784 1
1200000 0.000010 73257 18 1.312444 0.097256 0.012929 1
1200000 0.000100 92807 30 1.319659 0.121978 0.013146 1
1200000 0.001000 131752 64 1.318884 0.136526 0.016166 1
1200000 0.010000 165695 88 1.332736 0.106544 0.016242 1
1200000 0.100000 299679 143 1.313572 0.114309 0.016907 1
1200000 1.000000 1434215 579 1.317662 0.194309 0.020456 1
1600000 0.000010 95138 34 1.741800 0.103020 0.017722 1
1600000 0.000100 119098 38 1.746636 0.132660 0.016953 1
1600000 0.001000 139226 56 1.745023 0.143494 0.019845 1
1600000 0.010000 189322 93 1.744164 0.125703 0.020847 1
1600000 0.100000 399556 144 1.738688 0.121914 0.018730 1
1600000 1.000000 1205024 427 1.756464 0.161560 0.022698 1
2000000 0.000010 112608 40 2.165327 0.110956 0.020470 1
2000000 0.000100 126898 54 2.177082 0.115027 0.024620 1
2000000 0.001000 127206 42 2.172857 0.136036 0.020528 1
2000000 0.010000 223992 84 2.188854 0.121703 0.022072 1
2000000 0.100000 1816322 565 2.174187 0.207692 0.034860 1
2000000 1.000000 1621074 471 2.168666 0.200905 0.026098 1
