Sting Size|Edit Dist |Total Comm (bytes)|Literal comm|Partition Sym Diff|Total Num Partitions|Time Tree(s)|Time Recon(s)|Time Backtrack (included in Time Recon) (s)|Set Recon Success|Str Recon Success|Tree Heap SIze|High Water Heap|Rsync Comm
100000 10 81030 76881.000000 35.000000 35.000000 0.053733 0.216940 0.001257 1 1 0 7008199590141318268 1586
100000 50 5362 2433.000000 24.000000 444.000000 0.246293 1.538988 0.001850 1 1 0 7008199590141318268 3684
100000 100 7419 3853.000000 34.000000 430.000000 0.248506 1.491070 0.001971 1 1 0 7008199590141318268 4314
100000 500 29842 22749.000000 92.000000 334.000000 0.246203 1.168231 0.003803 1 1 0 7008199590141318268 7812
500000 10 4480 2502.000000 20.000000 1196.000000 2.007809 4.166812 0.007185 1 1 0 7008199590141318268 8672
500000 50 9123 5348.000000 40.000000 1696.000000 2.031430 5.677712 0.012998 1 1 0 7008199590141318268 10070
500000 100 12438 7419.000000 44.000000 1062.000000 1.714594 3.411277 0.012949 1 1 0 7008199590141318268 10826
500000 500 19943 12922.000000 72.000000 1242.000000 1.599968 4.271806 0.013014 1 1 0 7008199590141318268 11752
1000000 10 14738 9543.000000 48.000000 2520.000000 5.425216 8.048548 0.021427 1 1 0 7008199590141318268 15200
1000000 50 10961 7408.000000 41.000000 3809.000000 5.440317 11.937464 0.014002 1 1 0 7008199590141318268 13244
1000000 100 11624 6444.000000 43.000000 3335.000000 4.998994 10.688323 0.020176 1 1 0 7008199590141318268 15212
1000000 500 23584 16730.000000 75.000000 2689.000000 5.473030 8.597737 0.023034 1 1 0 7008199590141318268 17148
