TerShingle Length|Space|Comm (bytes)|hash vec comm|Terminal comm|Actual Sym Diff|Time Tree(s)|Time Recon(s)|Time Backtrack (included in Time Recon) (s)|Str Recon True|Tree Heap SIze|High Water Heap|Rsync time|Rsync Comm
2 2 211862 224.000000 131188.000000 614 2.814864 1.249265 0.030138 1 0 7810207576714406755 0.004000 26194
2 18 409549 136.000000 390385.000000 234 4.093359 0.237754 0.019447 1 0 7810207576714406755 0.004000 29322
2 54 591097 128.000000 575529.000000 104 4.688843 0.210249 0.020543 1 0 7810207576714406755 0.003000 34686
2 162 557584 80.000000 542426.000000 68 6.013961 0.223987 0.022591 1 0 7810207576714406755 0.003000 26014
2 486 841652 88.000000 829337.000000 48 7.419730 0.180397 0.023003 1 0 7810207576714406755 0.004000 28068
2 1000 723380 80.000000 711986.000000 48 8.089748 0.180520 0.022276 1 0 7810207576714406755 0.003000 22800
3 2 218907 256.000000 136929.000000 274 2.459354 1.223891 0.026103 1 0 7810207576714406755 0.003000 32012
3 18 89612 56.000000 45056.000000 20 0.631353 0.877348 0.026089 1 0 0 0.004000 15000
3 54 511119 144.000000 458672.000000 100 4.900029 0.773511 0.020497 1 0 0 0.003000 31026
3 162 1343898 88.000000 1295325.000000 36 6.250890 0.821983 0.026058 1 0 0 0.004000 32138
3 486 827551 72.000000 813394.000000 58 7.510850 0.219394 0.023429 1 0 0 0.004000 22868
3 1000 1350451 48.000000 1339774.000000 30 8.384370 0.214116 0.020584 1 0 0 0.003000 24314
4 2 118122 192.000000 83468.000000 648 2.773885 0.355081 0.029325 1 0 0 0.004000 32052
4 18 177407 80.000000 140539.000000 176 4.644361 0.532071 0.019867 1 0 0 0.003000 22332
4 54 246630 72.000000 194029.000000 44 5.104869 0.792197 0.027949 1 0 0 0.004000 25282
4 162 1305974 104.000000 1272206.000000 52 6.917393 0.513075 0.028721 1 0 0 0.003000 32222
