Sting Size|Edit Dist %|Comm (bytes)|Actual Sym Diff|Time Tree(s)|Time Recon(s)|Time Backtrack (included in Time Recon) (s)|Str Recon True|Tree Heap SIze|High Water Heap
2000000 0.000050 1532837 6 1.309794 0.056126 0.010717 1 140736667661642 0
2000000 0.000050 1244600 12 1.209910 0.054456 0.013929 1 140736667661642 0
2000000 0.000050 567519 14 1.259165 0.061593 0.017262 1 140736667661642 0
2000000 0.000050 452777 14 1.283324 0.054455 0.015513 1 140736667661642 0
2000000 0.000050 906978 16 1.945501 0.068059 0.018703 1 140736667661642 0
2000000 0.000050 478671 46 2.165246 0.065744 0.019189 1 140736667661642 0
2000000 0.000050 86267 22 2.162347 0.068977 0.017065 1 140736667661642 0
2000000 0.000050 96727 30 2.189088 0.080382 0.018851 1 140736667661642 0
2000000 0.000050 459582 44 2.691357 0.078839 0.026146 1 140736667661642 0
2000000 0.000050 65350 30 2.845862 0.120185 0.019987 1 140736667661642 0
2000000 0.000050 74265 50 2.870081 0.340976 0.027641 1 140736667661642 0
2000000 0.000050 74312 100 2.855925 0.449756 0.041939 1 140736667661642 0
2000000 0.000050 244413 46 3.245449 0.087944 0.026369 1 140736667661642 0
2000000 0.000050 93097 110 3.532216 0.444456 0.033019 1 140736667661642 0
2000000 0.000050 105777 152 3.430399 2.679625 0.094168 1 140736667661642 0
2000000 0.000050 308387 802 3.573525 9.304831 0.949053 1 140736667661642 0
