Level|Partition|Total Comm (bytes)|Literal comm|Partition Sym Diff|Total Num Partitions|Time Tree(s)|Time Recon(s)|Time Backtrack (included in Time Recon) (s)|Set Recon Success|Str Recon Success|Tree Heap SIze|High Water Heap|Rsync Comm
4 3 458354 452366.000000 94.000000 312.000000 0.721440 0.051478 0.010802 1 1 2 7161130726839247170 26547
4 4 235279 224686.000000 148.000000 800.000000 0.950490 0.141051 0.012822 1 1 2 7161130726839247170 26995
4 5 44406 39004.000000 75.000000 1271.000000 1.200590 0.242621 0.011826 1 1 2 7161130726839247170 24589
4 6 54565 48433.000000 100.000000 1554.000000 1.601644 0.237602 0.012525 1 1 2 7161130726839247170 28721
5 3 47457 41845.000000 80.000000 1500.000000 1.281285 0.174741 0.012540 1 1 2 7161130726839247170 24357
5 4 42653 32436.000000 133.000000 2633.000000 2.034828 0.295266 0.014136 1 1 2 7161130726839247170 28765
5 5 25994 19870.000000 98.000000 2920.000000 3.257140 0.345561 0.014137 1 1 2 7161130726839247170 28485
5 6 16651 13300.000000 58.000000 3766.000000 3.866081 0.493009 0.012361 1 1 2 7161130726839247170 20475
6 3 25545 18701.000000 120.000000 4148.000000 2.585644 0.464580 0.018080 1 1 2 7161130726839247170 24573
6 4 14169 7837.000000 104.000000 4938.000000 4.519036 0.513446 0.016717 1 1 2 7161130726839247170 23939
6 5 11393 5165.000000 102.000000 9250.000000 5.043514 0.976248 0.018028 1 1 2 7161130726839247170 23845
6 6 17540 5507.000000 194.000000 21200.000000 5.199652 2.275446 0.035657 1 1 2 7161130726839247170 31295
7 3 25017 18693.000000 102.000000 5264.000000 5.322102 0.597832 0.018267 1 1 2 7161130726839247170 24695
7 4 29990 17645.000000 196.000000 10526.000000 6.388408 1.092272 0.025950 1 1 2 7161130726839247170 23883
7 5 9966 4058.000000 92.000000 33148.000000 6.487926 3.339416 0.031466 1 1 2 7161130726839247170 20251
7 6 15088 2655.000000 204.000000 113388.000000 6.154252 11.467268 0.213919 1 1 2 7161130726839247170 24025
