Str Size|Edit Diff|Comm (bits)|Time Set(s)|Time Str(s)|Str Recon True
100000 0.000100 124324 0.004726 3.036324 1
100000 0.000500 107385 0.005052 2.383283 1
100000 0.001000 110991 0.003881 2.525601 1
100000 0.005000 73158 0.004154 0.225527 1
100000 0.010000 149880 0.004649 2.085357 1
100000 0.050000 154544 0.005092 2.047045 1
400000 0.000100 162599 0.006501 2.603240 1
400000 0.000500 294310 0.008486 2.430302 1
400000 0.001000 360427 0.010135 2.474095 1
400000 0.005000 381903 0.012626 2.578923 1
400000 0.010000 405983 0.011390 2.272579 1
400000 0.050000 341632 0.009615 2.396333 1
800000 0.000100 324145 0.012729 2.791898 1
800000 0.000500 588246 0.015279 2.518897 1
800000 0.001000 589899 0.015644 2.816650 1
800000 0.005000 662787 0.017391 2.560582 1
800000 0.010000 702016 0.016766 2.404102 1
800000 0.050000 867736 0.021331 3.194442 1
1200000 0.000100 668834 0.022314 2.897272 1
1200000 0.000500 577067 0.018370 2.776324 1
1200000 0.001000 763696 0.027091 2.953507 1
1200000 0.005000 756612 0.023201 2.828060 1
1200000 0.010000 1005450 0.025811 2.799264 1
1200000 0.050000 1013284 0.024033 2.704780 1
1600000 0.000100 973760 0.026843 2.951222 1
1600000 0.000500 774245 0.027954 3.137787 1
1600000 0.001000 885218 0.027330 3.116884 1
1600000 0.005000 1507388 0.036923 2.941648 1
1600000 0.010000 966687 0.031582 3.027402 1
1600000 0.050000 1506574 0.036228 2.913754 1
2000000 0.000100 1152831 0.034093 3.167043 1
2000000 0.000500 1158442 0.033633 3.203994 1
2000000 0.001000 1113730 0.034209 3.167210 1
2000000 0.005000 1226143 0.036516 3.147640 1
2000000 0.010000 1647506 0.039687 3.144198 1
2000000 0.050000 1861652 0.041485 3.184909 1
