Str Size|Edit Diff|Comm (bits)|Time Set(s)|Time Str(s)|Str Recon True
100000 0.000100 139329 0.012256 6.678994 1
100000 0.000100 139150 0.012159 6.155936 1
100000 0.000100 66736 0.006186 4.535795 1
100000 0.000100 136865 0.013738 5.966451 1
100000 0.000100 181765 0.017007 5.731438 1
100000 0.000500 154775 0.018235 5.888256 1
100000 0.000500 141929 0.015465 5.999056 1
100000 0.000500 139524 0.012823 5.719622 1
100000 0.000500 137214 0.012890 6.009606 1
100000 0.000500 145216 0.015153 5.518545 1
100000 0.001000 163863 0.021746 6.168837 1
100000 0.001000 99181 0.006418 4.192163 1
100000 0.001000 175563 0.018531 6.181875 1
100000 0.001000 158339 0.019135 5.939663 1
100000 0.001000 80183 0.006605 3.952618 1
100000 0.005000 145826 0.015651 5.965038 1
100000 0.005000 152942 0.016027 5.739884 1
100000 0.005000 175864 0.015543 5.879181 1
100000 0.005000 200827 0.030171 6.742794 1
100000 0.005000 146363 0.015448 5.880509 1
100000 0.010000 200245 0.020243 6.123874 1
100000 0.010000 173587 0.018041 5.715651 1
100000 0.010000 219929 0.018767 5.982645 1
100000 0.010000 152764 0.015649 5.556271 1
100000 0.010000 185393 0.025164 6.791918 1
100000 0.050000 287696 0.032249 6.363617 1
100000 0.050000 259095 0.030614 6.518439 1
100000 0.050000 250543 0.027593 6.354018 1
100000 0.050000 269679 0.024631 6.277296 1
100000 0.050000 237358 0.027076 6.446591 1
400000 0.000100 157013 0.031440 10.374875 1
400000 0.000100 153037 0.027577 11.082828 1
400000 0.000100 155832 0.028932 10.710408 1
400000 0.000100 158616 0.034591 10.715404 1
400000 0.000100 162743 0.028953 11.359672 1
400000 0.000500 147665 0.037587 10.195969 1
400000 0.000500 177323 0.039870 11.521460 1
400000 0.000500 152957 0.034436 10.785342 1
400000 0.000500 156173 0.031848 10.293720 1
400000 0.000500 148008 0.036761 11.210718 1
400000 0.001000 188477 0.043551 10.363979 1
400000 0.001000 200988 0.043838 10.653389 1
400000 0.001000 141500 0.026761 10.858817 1
400000 0.001000 180993 0.033584 11.656588 1
400000 0.001000 165797 0.040403 10.404676 1
400000 0.005000 308200 0.060186 11.592426 1
400000 0.005000 183117 0.041485 10.613279 1
400000 0.005000 170981 0.029561 10.843747 1
400000 0.005000 191964 0.032864 11.118170 1
400000 0.005000 207054 0.037252 11.666150 1
400000 0.010000 245598 0.052542 11.656740 1
400000 0.010000 239352 0.053153 11.504958 1
400000 0.010000 230275 0.052501 11.111138 1
400000 0.010000 202726 0.041087 10.874462 1
400000 0.010000 291615 0.056314 11.624991 1
400000 0.050000 402290 0.074208 11.666123 1
400000 0.050000 449202 0.091240 11.866838 1
400000 0.050000 671569 0.124953 13.380599 1
400000 0.050000 534309 0.128563 12.607319 1
400000 0.050000 635927 0.142973 13.442691 1
800000 0.000100 150694 0.035060 15.269272 1
800000 0.000100 175828 0.044987 14.476549 1
800000 0.000100 159136 0.039900 14.000394 1
800000 0.000100 141904 0.034755 13.424205 1
800000 0.000100 159294 0.067357 23.438562 1
800000 0.000500 159152 0.077300 20.744130 1
800000 0.000500 179004 0.079338 26.128080 1
800000 0.000500 188699 0.051127 20.768910 1
800000 0.000500 162291 0.069719 25.513486 1
800000 0.000500 168997 0.053719 20.788930 1
800000 0.001000 201323 0.104817 28.295594 1
800000 0.001000 193722 0.123795 21.008259 1
800000 0.001000 217664 0.117205 22.666316 1
800000 0.001000 160343 0.043995 22.203880 1
800000 0.001000 176333 0.067603 23.954975 1
800000 0.005000 194941 0.046116 20.926485 1
800000 0.005000 250035 0.090626 24.609177 1
800000 0.005000 246932 0.059814 21.069416 1
800000 0.005000 208354 0.089003 24.211588 1
800000 0.005000 233212 0.099378 19.946101 1
800000 0.010000 276827 0.105596 24.946423 1
800000 0.010000 271836 0.090736 21.170362 1
800000 0.010000 409176 0.119441 24.488520 1
800000 0.010000 232546 0.096224 20.717537 1
800000 0.010000 430321 0.149090 26.496613 1
800000 0.050000 548315 0.143932 21.659086 1
800000 0.050000 2345169 0.798136 37.034449 1
800000 0.050000 539294 0.221018 26.417314 1
800000 0.050000 1298639 0.281664 24.365701 1
800000 0.050000 1378420 0.402741 25.995849 1
1200000 0.000100 146805 0.058432 26.824129 1
1200000 0.000100 2401850 0.878457 37.562299 1
1200000 0.000100 144212 0.053140 21.985003 1
1200000 0.000100 179601 0.075088 27.686072 1
1200000 0.000100 145649 0.054082 21.514384 1
1200000 0.000500 158556 0.078197 28.869411 1
1200000 0.000500 169411 0.071137 19.737522 1
1200000 0.000500 344594 0.129243 24.377841 1
1200000 0.000500 163922 0.067306 26.639168 1
1200000 0.000500 228791 0.125977 23.136874 1
1200000 0.001000 197935 0.099400 27.043931 1
1200000 0.001000 180117 0.061166 22.236095 1
1200000 0.001000 192363 0.090703 28.348864 1
1200000 0.001000 967636 0.265187 25.086925 1
1200000 0.001000 209082 0.104677 20.026452 1
1200000 0.005000 1954345 0.566435 27.770291 1
1200000 0.005000 281117 0.083144 19.329128 1
1200000 0.005000 387690 0.117177 18.407351 1
1200000 0.005000 206109 0.073081 16.911696 1
1200000 0.005000 236416 0.075235 17.030584 1
1200000 0.010000 357817 0.087060 17.443373 1
1200000 0.010000 301734 0.078840 18.033052 1
1200000 0.010000 305179 0.090211 17.222849 1
1200000 0.010000 228641 0.083971 16.871844 1
1200000 0.010000 237567 0.075914 17.006034 1
1200000 0.050000 2308857 0.560762 25.865588 1
1200000 0.050000 2382636 0.638239 25.953234 1
1200000 0.050000 998338 0.255034 19.882104 1
1200000 0.050000 2560959 0.769970 26.396700 1
1200000 0.050000 2506683 0.683187 26.574459 1
1600000 0.000100 149430 0.065362 18.988718 1
1600000 0.000100 166904 0.065795 18.358281 1
1600000 0.000100 224952 0.095397 19.409892 1
1600000 0.000100 171940 0.080121 18.449548 1
1600000 0.000100 134309 0.044201 17.960401 1
1600000 0.000500 177649 0.070497 18.444759 1
1600000 0.000500 208624 0.078808 18.581706 1
1600000 0.000500 184635 0.055286 18.521365 1
1600000 0.000500 179519 0.052584 18.822114 1
1600000 0.000500 299239 0.098435 18.974103 1
1600000 0.001000 195223 0.081009 18.495661 1
1600000 0.001000 218315 0.101135 18.641492 1
1600000 0.001000 171795 0.071038 18.257714 1
1600000 0.001000 370655 0.106625 19.484731 1
1600000 0.001000 200239 0.115616 30.575013 1
1600000 0.005000 332831 0.149174 32.149523 1
1600000 0.005000 256676 0.137052 26.169394 1
1600000 0.005000 359462 0.178201 31.800473 1
1600000 0.005000 439002 0.158781 28.751675 1
1600000 0.005000 232805 0.083475 25.657914 1
1600000 0.010000 461576 0.169013 31.825801 1
1600000 0.010000 424926 0.134184 29.890652 1
1600000 0.010000 343517 0.166236 25.904128 1
1600000 0.010000 439544 0.190054 31.310308 1
1600000 0.010000 1085836 0.310318 31.095156 1
1600000 0.050000 2513810 0.718484 36.314258 1
1600000 0.050000 989660 0.234710 21.195317 1
1600000 0.050000 977988 0.295166 22.628422 1
1600000 0.050000 1470146 0.310402 24.791219 1
1600000 0.050000 1283607 0.306225 22.406910 1
2000000 0.000100 153906 0.065283 20.473170 1
2000000 0.000100 165293 0.069661 20.635025 1
2000000 0.000100 166227 0.083608 20.434673 1
2000000 0.000100 164928 0.058493 20.272267 1
2000000 0.000100 166955 0.068195 20.121838 1
2000000 0.000500 167161 0.087466 20.125367 1
2000000 0.000500 246211 0.085971 20.432128 1
2000000 0.000500 257746 0.104608 20.647127 1
2000000 0.000500 382458 0.112633 21.728365 1
2000000 0.000500 255192 0.111809 20.647015 1
2000000 0.001000 208324 0.103701 20.366161 1
2000000 0.001000 177546 0.066058 20.268581 1
2000000 0.001000 3057698 0.811266 30.197260 1
2000000 0.001000 222478 0.076291 20.442635 1
2000000 0.001000 214072 0.106385 21.072949 1
2000000 0.005000 500992 0.172500 21.610569 1
2000000 0.005000 308204 0.096214 20.835515 1
2000000 0.005000 2832611 0.858889 30.101646 1
2000000 0.005000 390455 0.138848 21.184266 1
2000000 0.005000 335722 0.103439 21.061905 1
2000000 0.010000 387533 0.126176 21.174713 1
2000000 0.010000 277410 0.100432 20.528485 1
2000000 0.010000 867812 0.250784 22.506971 1
2000000 0.010000 984519 0.294351 23.732295 1
2000000 0.010000 557170 0.181073 21.863495 1
2000000 0.050000 584870 0.207665 22.119795 1
2000000 0.050000 3996578 1.189894 34.284966 1
2000000 0.050000 721513 0.232421 22.440521 1
2000000 0.050000 2305514 0.725830 44.807543 1
2000000 0.050000 1617150 0.410446 27.121381 1
