Sting Size|Edit Dist |Total Comm (bytes)|Literal comm|Partition Sym Diff|Total Num Partitions|Time Tree(s)|Time Recon(s)|Time Backtrack (included in Time Recon) (s)|Set Recon Success|Str Recon Success|Tree Heap SIze|High Water Heap|Rsync Comm
100000 10 4373 1540.000000 38.000000 752.000000 0.374338 0.199047 0.004724 1 1 0 7008199590141318268 4377
100000 10 4455 1406.000000 46.000000 954.000000 0.355273 0.265658 0.003263 1 1 0 7008199590141318268 4369
100000 10 2218 439.000000 30.000000 1154.000000 0.371634 0.294556 0.004383 1 1 0 7008199590141318268 2967
100000 10 3416 1605.000000 30.000000 774.000000 0.370737 0.202225 0.004065 1 1 0 7008199590141318268 3679
100000 10 2672 940.000000 28.000000 1228.000000 0.364274 0.315081 0.004387 1 1 0 7008199590141318268 2985
100000 10 4575 1310.000000 54.000000 1018.000000 0.366887 0.270003 0.005274 1 1 0 7008199590141318268 4381
100000 10 2552 893.000000 26.000000 788.000000 0.366204 0.213710 0.002695 1 1 0 7008199590141318268 2973
100000 10 4608 1535.000000 46.000000 952.000000 0.366364 0.249080 0.004679 1 1 0 7008199590141318268 4369
100000 10 3318 1635.000000 26.000000 846.000000 0.357223 0.214161 0.003828 1 1 0 7008199590141318268 2965
100000 10 10024 4602.000000 73.000000 883.000000 0.377492 0.240418 0.007224 1 1 0 7008199590141318268 5769
100000 10 2889 1157.000000 28.000000 790.000000 0.356811 0.205102 0.003700 1 1 0 7008199590141318268 2983
100000 10 2229 401.000000 32.000000 852.000000 0.371072 0.222862 0.003788 1 1 0 7008199590141318268 2985
