Str Size|Edit Diff|Comm (bits)|Time Set(s)|Time Str(s)|Str Recon True
100000 0.000100 17357 0.005081 0.132144 1
100000 0.000500 19854 0.007628 0.136613 1
100000 0.001000 55200 0.005767 0.125107 1
100000 0.005000 58689 0.011620 0.141125 1
100000 0.010000 62385 0.008592 0.154510 1
100000 0.050000 77153 0.011121 0.122636 1
400000 0.000100 232340 0.014003 0.341163 1
400000 0.000500 264709 0.014019 0.338406 1
400000 0.001000 182648 0.014525 0.349740 1
400000 0.005000 236044 0.015612 0.343455 1
400000 0.010000 286345 0.015585 0.344438 1
400000 0.050000 322515 0.014313 0.346722 1
800000 0.000100 373355 0.018856 0.617555 1
800000 0.000500 322573 0.018781 0.622135 1
800000 0.001000 250490 0.018234 0.613162 1
800000 0.005000 471812 0.022087 0.618260 1
800000 0.010000 453209 0.022920 0.631189 1
800000 0.050000 511112 0.021311 0.616183 1
1200000 0.000100 382151 0.023542 0.890004 1
1200000 0.000500 729182 0.028418 0.899248 1
1200000 0.001000 597383 0.026080 0.893302 1
1200000 0.005000 202208 0.019094 0.905422 1
1200000 0.010000 592187 0.029493 0.893170 1
1200000 0.050000 890739 0.029131 0.893142 1
1600000 0.000100 602064 0.027602 1.159504 1
1600000 0.000500 624197 0.028929 1.153374 1
1600000 0.001000 706960 0.030541 1.171244 1
1600000 0.005000 787989 0.031620 1.150071 1
1600000 0.010000 806250 0.030108 1.157399 1
1600000 0.050000 1149048 0.037743 1.159735 1
2000000 0.000100 541569 0.032957 1.437710 1
2000000 0.000500 1337164 0.041863 1.427311 1
2000000 0.001000 910899 0.037332 1.421218 1
2000000 0.005000 798413 0.033350 1.409582 1
2000000 0.010000 1433481 0.043529 1.446720 1
2000000 0.050000 1569455 0.047187 1.416781 1
