Sting Size|Edit Dist |Total Comm (bytes)|Literal comm|Partition Sym Diff|Total Num Partitions|Time Tree(s)|Time Recon(s)|Time Backtrack (included in Time Recon) (s)|Set Recon Success|Str Recon Success|Tree Heap SIze|High Water Heap|Rsync Comm
100000 10 1818 843.000000 16.000000 810.000000 0.373210 0.207871 0.003754 1 1 0 7008199590141318268 2265
100000 10 2692 904.000000 30.000000 814.000000 0.360173 0.217452 0.003091 1 1 0 7008199590141318268 3661
100000 10 4147 858.000000 54.000000 936.000000 0.361842 0.249149 0.005256 1 1 0 7008199590141318268 4369
100000 10 4384 1631.000000 36.000000 780.000000 0.367138 0.201323 0.004626 1 1 0 7008199590141318268 3685
100000 10 3784 1079.000000 36.000000 904.000000 0.367701 0.233950 0.003786 1 1 0 7008199590141318268 2975
100000 10 4127 1318.000000 38.000000 948.000000 0.358230 0.246787 0.004187 1 1 0 7008199590141318268 3677
100000 10 4317 1500.000000 40.000000 804.000000 0.389347 0.203029 0.003654 1 1 0 7008199590141318268 2971
100000 10 2088 676.000000 18.000000 782.000000 0.361063 0.200471 0.003097 1 1 0 7008199590141318268 2265
100000 10 1367 392.000000 16.000000 638.000000 0.351764 0.163692 0.003667 1 1 0 7008199590141318268 2285
100000 10 3705 928.000000 37.000000 949.000000 0.364688 0.242318 0.004286 1 1 0 7008199590141318268 3677
100000 10 6892 3595.000000 54.000000 912.000000 0.359154 0.233673 0.004790 1 1 0 7008199590141318268 5069
100000 10 7073 3528.000000 62.000000 682.000000 0.353380 0.184818 0.004914 1 1 0 7008199590141318268 5779
100000 10 4911 1654.000000 53.000000 803.000000 0.356789 0.215270 0.005483 1 1 0 7008199590141318268 4275
