Str Size|Edit Diff|Comm (bits)|Time Set(s)|Time Str(s)|Str Recon True
100000 0.000100 67835 0.080839 0.323093 1
100000 0.000500 67749 0.082498 0.349277 1
100000 0.001000 91251 0.113443 0.392120 1
100000 0.005000 119065 0.266469 0.557979 1
100000 0.010000 101714 0.130157 0.429772 1
100000 0.050000 131577 0.155098 0.455914 1
400000 0.000100 96228 0.319496 1.177511 1
400000 0.000500 122744 0.288275 1.156623 1
400000 0.001000 106643 0.285112 1.145342 1
400000 0.005000 117063 0.293200 1.157580 1
400000 0.010000 127876 0.304866 1.159586 1
400000 0.050000 523093 0.471449 1.327601 1
800000 0.000100 100276 0.396532 1.964539 1
800000 0.000500 80369 0.391494 1.977278 1
800000 0.001000 134885 0.390656 1.945907 1
800000 0.005000 148077 0.441604 1.989575 1
800000 0.010000 133168 0.422478 1.973387 1
800000 0.050000 1509209 1.563383 3.173848 1
1200000 0.000100 82380 0.439164 2.621741 1
1200000 0.000500 100658 0.458817 2.640305 1
1200000 0.001000 125093 0.484250 2.640900 1
1200000 0.005000 316650 0.619370 2.771955 1
1200000 0.010000 334476 0.586437 2.737152 1
1200000 0.050000 2479266 2.025442 4.177609 1
1600000 0.000100 91222 0.514887 3.282501 1
1600000 0.000500 136814 1.105370 3.897513 1
1600000 0.001000 93994 0.500378 3.255626 1
1600000 0.005000 210794 0.600773 3.374424 1
1600000 0.010000 194133 0.902720 4.673526 1
1600000 0.050000 1451278 1.595792 4.350593 1
2000000 0.000100 132338 0.576537 3.941593 1
2000000 0.000500 105748 0.579063 3.932879 1
2000000 0.001000 214882 0.606368 3.959028 1
2000000 0.005000 214671 0.642407 4.000685 1
2000000 0.010000 323883 0.674623 4.038565 1
2000000 0.050000 583499 0.795542 4.142002 1
