Level|Partition|Total Comm (bytes)|Literal comm|Partition Sym Diff|Total Num Partitions|Time Tree(s)|Time Recon(s)|Time Backtrack (included in Time Recon) (s)|Set Recon Success|Str Recon Success|Tree Heap SIze|High Water Heap|Rsync Comm
4 3 205483 199493.000000 94.000000 312.000000 1.408506 0.077018 0.009486 1 1 0 7161130726839247170 19675
4 4 57390 51832.000000 80.000000 662.000000 1.456287 0.126764 0.009829 1 1 0 7161130726839247170 20119
4 5 28016 22890.000000 65.000000 1137.000000 1.516894 0.201371 0.011022 1 1 0 7161130726839247170 17547
4 6 24005 18039.000000 94.000000 1728.000000 1.503660 0.288964 0.014101 1 1 0 7161130726839247170 20431
5 3 44952 39242.000000 84.000000 982.000000 2.389414 0.177079 0.011078 1 1 0 7161130726839247170 18307
5 4 27259 20629.000000 116.000000 1718.000000 2.631411 0.311782 0.014578 1 1 0 7161130726839247170 20475
5 5 26447 16004.000000 142.000000 2986.000000 2.630674 0.486940 0.018641 1 1 0 7161130726839247170 19225
5 6 6744 3519.000000 53.000000 4647.000000 2.773809 0.791118 0.014982 1 1 0 7161130726839247170 14681
6 3 451241 406700.000000 694.000000 1536.000000 4.092918 0.339583 0.025137 1 1 0 7161130726839247170 17527
6 4 38603 28296.000000 137.000000 4399.000000 4.415641 0.729118 0.021696 1 1 0 7161130726839247170 17879
6 5 14415 7401.000000 126.000000 8504.000000 4.736691 1.504524 0.033546 1 1 0 7161130726839247170 16789
6 6 28671 7728.000000 285.000000 20189.000000 4.698843 3.386332 0.141343 1 1 0 7161130726839247170 22183
7 3 25100 18502.000000 112.000000 2172.000000 6.446711 0.362692 0.018610 1 1 0 7161130726839247170 17653
7 4 22654 11067.000000 176.000000 8148.000000 6.090137 1.351146 0.044276 1 1 0 7161130726839247170 16827
7 5 24705 0.000000 0.000000 46740.000000 6.820513 7.582729 0.025469 0 0 0 0 13465
