Str Size|Edit Diff|Comm (bits)|Time Set(s)|Time Str(s)|Str Recon True
100000 0.000100 120649 0.009714 3.114283 1
100000 0.000500 125775 0.009619 3.169629 1
100000 0.001000 117448 0.010275 3.121261 1
100000 0.005000 130449 0.012304 3.124179 1
100000 0.010000 116050 0.009958 3.008779 1
100000 0.050000 166205 0.014086 3.212360 1
400000 0.000100 117439 0.013433 3.742229 1
400000 0.000500 144364 0.014726 3.826266 1
400000 0.001000 135114 0.016386 3.755917 1
400000 0.005000 154644 0.015375 3.796461 1
400000 0.010000 154160 0.018005 3.756109 1
400000 0.050000 256590 0.018914 3.817081 1
800000 0.000100 145333 0.020340 4.323550 1
800000 0.000500 163215 0.021932 4.341508 1
800000 0.001000 125564 0.019455 4.321987 1
800000 0.005000 156599 0.020286 4.292311 1
800000 0.010000 150713 0.021547 4.373359 1
800000 0.050000 277146 0.023629 4.405078 1
1200000 0.000100 156795 0.024765 4.871146 1
1200000 0.000500 173997 0.024968 4.878343 1
1200000 0.001000 140322 0.022075 4.821976 1
1200000 0.005000 212762 0.027405 4.973301 1
1200000 0.010000 205886 0.026683 4.866531 1
1200000 0.050000 510539 0.035576 5.079200 1
1600000 0.000100 146049 0.026248 5.382360 1
1600000 0.000500 157980 0.025359 5.319606 1
1600000 0.001000 251763 0.029396 5.433112 1
1600000 0.005000 188900 0.029238 5.366325 1
1600000 0.010000 209023 0.029973 5.534362 1
1600000 0.050000 625291 0.041010 5.542872 1
2000000 0.000100 134195 0.026715 5.860482 1
2000000 0.000500 214341 0.031514 5.882721 1
2000000 0.001000 146189 0.028391 5.743967 1
2000000 0.005000 210953 0.028658 5.934991 1
2000000 0.010000 338393 0.038299 5.935423 1
2000000 0.050000 564900 0.040311 5.896929 1
