Sting Size|Edit Dist |Total Comm (bytes)|Literal comm|Partition Sym Diff|Total Num Partitions|Time Tree(s)|Time Recon(s)|Time Backtrack (included in Time Recon) (s)|Set Recon Success|Str Recon Success|Tree Heap SIze|High Water Heap|Rsync Comm
100000 10 83267 76212.000000 61.000000 63.000000 0.066406 0.363104 0.001842 1 1 0 7008199590141318268 1586
100000 10 3060 736.000000 22.000000 530.000000 0.383928 1.913578 0.002164 1 1 0 7008199590141318268 2974
100000 10 5364 1750.000000 36.000000 622.000000 0.410141 2.221992 0.002908 1 1 0 7008199590141318268 4376
100000 10 4530 2395.000000 20.000000 334.000000 0.379725 1.206559 0.002517 1 1 0 7008199590141318268 3670
100000 10 2465 1001.000000 10.000000 318.000000 0.365630 1.154679 0.002906 1 1 0 7008199590141318268 2268
100000 10 4105 2239.000000 16.000000 382.000000 0.396927 1.384450 0.002838 1 1 0 7008199590141318268 2968
100000 10 6570 3614.000000 30.000000 676.000000 0.414418 2.447663 0.004391 1 1 0 7008199590141318268 3680
100000 10 7316 3406.000000 38.000000 628.000000 0.394530 2.291963 0.003304 1 1 0 7008199590141318268 4382
100000 10 4420 1203.000000 30.000000 570.000000 0.396079 2.063893 0.002385 1 1 0 7008199590141318268 3668
100000 10 1719 559.000000 10.000000 414.000000 0.379975 1.491784 0.005135 1 1 0 7008199590141318268 2268
100000 10 5722 2417.000000 32.000000 500.000000 0.378899 1.806733 0.005207 1 1 0 7008199590141318268 4372
100000 10 10755 7045.000000 42.000000 614.000000 0.393937 2.204014 0.004894 1 1 0 7008199590141318268 4388
100000 10 5166 1914.000000 34.000000 516.000000 0.395812 1.859902 0.004901 1 1 0 0 4370
100000 10 12846 7516.000000 55.000000 481.000000 0.386252 1.729671 0.005788 1 1 0 0 5078
100000 10 6324 2678.000000 34.000000 636.000000 0.391467 2.207919 0.005660 1 1 0 0 4376
100000 10 7266 4446.000000 28.000000 460.000000 0.377814 1.664480 0.006932 1 1 0 0 4374
100000 10 2203 771.000000 10.000000 434.000000 0.372384 1.579767 0.003545 1 1 0 0 2268
100000 10 4925 1969.000000 30.000000 612.000000 0.394822 2.219485 0.004578 1 1 0 0 3682
100000 10 4511 1358.000000 28.000000 506.000000 0.402634 1.821308 0.004487 1 1 0 0 3676
100000 10 9271 4172.000000 44.000000 614.000000 0.413226 2.196597 0.005942 1 1 0 0 5076
100000 50 25428 14906.000000 120.000000 574.000000 0.382145 2.041954 0.007139 1 1 0 0 5784
100000 50 4348 2426.000000 20.000000 474.000000 0.384609 1.713319 0.004124 1 1 0 0 2968
100000 50 6677 2655.000000 44.000000 534.000000 0.386004 1.932354 0.003016 1 1 0 0 5048
100000 50 7913 4339.000000 34.000000 340.000000 0.367254 1.227766 0.005154 1 1 0 0 4328
100000 50 2956 925.000000 18.000000 632.000000 0.392940 2.255817 0.004448 1 1 0 0 3028
100000 50 2970 1461.000000 12.000000 362.000000 0.382550 1.316953 0.003939 1 1 0 0 2228
100000 50 5104 2225.000000 30.000000 430.000000 0.395235 1.566117 0.004565 1 1 0 0 4428
100000 50 5059 1778.000000 30.000000 740.000000 0.398249 2.671982 0.004938 1 1 0 0 3718
100000 50 9158 3867.000000 53.000000 587.000000 0.383089 2.095107 0.005107 1 1 0 0 5030
100000 50 6650 3330.000000 30.000000 326.000000 0.362357 1.178148 0.005247 1 1 0 0 4414
100000 50 5971 2164.000000 36.000000 614.000000 0.385926 2.203664 0.004950 1 1 0 0 4390
100000 50 5868 2343.000000 34.000000 366.000000 0.384669 1.330230 0.004640 1 1 0 0 3718
100000 50 9525 5807.000000 38.000000 458.000000 0.379891 1.647788 0.005095 1 1 0 0 5108
100000 50 34474 29071.000000 49.000000 87.000000 0.065416 0.447444 0.004571 1 1 0 0 1622
100000 50 8743 5201.000000 33.000000 281.000000 0.362855 1.021493 0.005406 1 1 0 0 5118
100000 50 6017 2419.000000 34.000000 580.000000 0.391512 2.083782 0.004575 1 1 0 0 4422
100000 50 6979 3342.000000 36.000000 682.000000 0.388854 2.448240 0.005267 1 1 0 0 5066
100000 50 14847 8137.000000 67.000000 645.000000 0.406833 2.317780 0.006801 1 1 0 0 6446
100000 50 5552 2303.000000 30.000000 554.000000 0.377669 1.974974 0.005055 1 1 0 0 4370
100000 50 9769 4566.000000 50.000000 518.000000 0.401285 1.864598 0.004846 1 1 0 0 5740
100000 100 6111 2982.000000 30.000000 510.000000 0.381397 1.820040 0.004444 1 1 0 0 3578
100000 100 6285 2743.000000 34.000000 506.000000 0.376473 1.810981 0.005170 1 1 0 0 4440
100000 100 8222 2859.000000 52.000000 790.000000 0.388581 2.822917 0.005092 1 1 0 0 6382
100000 100 8462 3443.000000 45.000000 491.000000 0.378229 1.790682 0.005977 1 1 0 -2044631764708918003 4288
100000 100 7629 3791.000000 40.000000 478.000000 0.398320 1.720636 0.005357 1 1 0 -2044631764708918003 5164
100000 100 11037 4288.000000 68.000000 722.000000 0.402060 2.582236 0.006397 1 1 0 7599104643857147503 7122
100000 100 5659 2567.000000 32.000000 588.000000 0.379631 2.104881 0.004664 1 1 0 7599104643857147503 4470
100000 100 5780 2688.000000 32.000000 492.000000 0.371606 1.759902 0.004929 1 1 0 8031079655641718899 4464
100000 100 4571 1408.000000 32.000000 650.000000 0.389537 2.318152 0.004389 1 1 0 8031079655641718899 3706
100000 100 5788 2768.000000 29.000000 553.000000 0.387478 1.981707 0.002282 1 1 0 8031079655641718899 3744
100000 100 6141 2536.000000 37.000000 589.000000 0.393719 2.130102 0.004922 1 1 0 8031079655641718899 4408
100000 100 9027 5365.000000 36.000000 466.000000 0.384237 1.673922 0.004705 1 1 0 8031079655641718899 4468
100000 100 13113 9299.000000 44.000000 336.000000 0.359994 1.216302 0.005331 1 1 0 8031079655641718899 4456
100000 100 12543 7196.000000 54.000000 446.000000 0.377987 1.621002 0.005017 1 1 0 8031079655641718899 7160
100000 100 9667 5709.000000 46.000000 502.000000 0.389900 1.808212 0.004209 1 1 0 8031079655641718899 6406
100000 100 7870 2755.000000 48.000000 540.000000 0.386775 1.926743 0.004722 1 1 0 8031079655641718899 4390
100000 100 14673 7572.000000 82.000000 628.000000 0.388015 2.252859 0.006079 1 1 0 2334386829831140384 8478
100000 100 6312 3697.000000 25.000000 475.000000 0.390382 1.730858 0.004478 1 1 0 2334386829831140384 3610
100000 100 16007 10428.000000 64.000000 360.000000 0.380294 1.315500 0.007433 1 1 0 2334386829831140384 5126
100000 100 7421 3831.000000 36.000000 518.000000 0.396107 1.847672 0.004636 1 1 0 2334386829831140384 3680
100000 500 7912 4282.000000 39.000000 659.000000 0.398155 2.355469 0.006313 1 1 0 2334386829831140384 4592
100000 500 12439 7284.000000 49.000000 433.000000 0.382433 1.563578 0.007116 1 1 0 2334386829831140384 4732
100000 500 17865 7894.000000 104.000000 746.000000 0.404106 2.703934 0.007393 1 1 0 2334386829831140384 6948
100000 500 17150 10137.000000 79.000000 517.000000 0.392924 1.851599 0.007233 1 1 0 2334386829831140384 7714
100000 500 11627 5666.000000 63.000000 781.000000 0.391789 2.791615 0.007356 1 1 0 2334386829831140384 6414
100000 500 11838 6427.000000 57.000000 537.000000 0.374264 1.930969 0.006423 1 1 0 2334386829831140384 6114
100000 500 18088 11187.000000 82.000000 536.000000 0.392071 1.934082 0.007570 1 1 0 2334386829831140384 6370
100000 500 26204 15834.000000 117.000000 583.000000 0.385890 2.090202 0.009183 1 1 0 2334386829831140384 10336
100000 500 8550 4736.000000 41.000000 319.000000 0.369563 1.152415 0.005568 1 1 0 2334386829831140384 6158
100000 500 10660 5361.000000 55.000000 501.000000 0.392920 1.812589 0.008015 1 1 0 2334386829831140384 5410
100000 500 12760 8674.000000 51.000000 449.000000 0.387711 1.644611 0.007854 1 1 0 2334386829831140384 6378
100000 500 26145 18764.000000 89.000000 427.000000 0.383932 1.553372 0.007423 1 1 0 2334386829831140384 10912
100000 500 15533 10122.000000 52.000000 352.000000 0.363593 1.281808 0.007436 1 1 0 2334386829831140384 7458
100000 500 15779 8318.000000 90.000000 690.000000 0.410447 2.490030 0.007366 1 1 0 2334386829831140384 7576
100000 500 24850 14784.000000 110.000000 406.000000 0.378712 1.463897 0.007918 1 1 0 2334386829831140384 7358
100000 500 20809 13588.000000 87.000000 443.000000 0.378029 1.605079 0.006813 1 1 0 2334386829831140384 9560
100000 500 27633 20833.000000 96.000000 584.000000 0.377779 2.104458 0.007017 1 1 0 2334386829831140384 5572
100000 500 9955 4703.000000 51.000000 607.000000 0.390762 2.226387 0.006562 1 1 0 2334386829831140384 5556
100000 500 56183 41939.000000 188.000000 438.000000 0.402249 1.544164 0.008879 1 1 0 2334386829831140384 9004
100000 500 19599 12050.000000 92.000000 592.000000 0.412495 2.119607 0.007391 1 1 0 2334386829831140384 8796
400000 10 6944 3082.000000 37.000000 1367.000000 1.471250 4.859813 0.012689 1 1 0 2334386829831140384 8668
400000 10 8843 6086.000000 26.000000 1118.000000 1.372491 3.914269 0.009592 1 1 0 2334386829831140384 7260
400000 10 3543 2026.000000 12.000000 1166.000000 1.390905 4.098665 0.006878 1 1 0 2334386829831140384 6578
400000 10 3694 1551.000000 20.000000 1290.000000 1.420393 4.470265 0.007067 1 1 0 7809933828254691186 7278
400000 10 6244 3090.000000 30.000000 1412.000000 1.431802 5.047286 0.010910 1 1 0 7809933828254691186 7958
400000 10 7298 3475.000000 38.000000 1392.000000 1.371022 4.890608 0.011494 1 1 0 7809933828254691186 8668
400000 10 8873 4914.000000 38.000000 948.000000 1.355633 3.352488 0.012497 1 1 0 7809933828254691186 9374
400000 10 6083 3057.000000 24.000000 1010.000000 1.320746 3.496666 0.008183 1 1 0 7809933828254691186 7964
400000 10 7467 4559.000000 28.000000 1418.000000 1.311853 4.842854 0.009137 1 1 0 7809933828254691186 7962
400000 10 7753 4058.000000 36.000000 1152.000000 1.358137 4.016110 0.010858 1 1 0 7809933828254691186 8658
400000 10 7877 4207.000000 36.000000 1308.000000 1.367364 4.462423 0.010418 1 1 0 7809933828254691186 7966
400000 10 7119 4163.000000 30.000000 1040.000000 1.278129 3.573673 0.009085 1 1 0 7809933828254691186 7568
400000 10 7163 3244.000000 40.000000 1664.000000 1.455912 5.798694 0.011029 1 1 0 7809933828254691186 8658
400000 10 9080 5514.000000 34.000000 1236.000000 1.351801 4.218181 0.010564 1 1 0 7809933828254691186 8662
400000 10 5064 2929.000000 22.000000 858.000000 1.267454 2.931709 0.009469 1 1 0 7809933828254691186 7262
400000 10 5760 3012.000000 24.000000 1114.000000 1.283527 3.882036 0.009482 1 1 0 7809933828254691186 7258
400000 10 5648 2788.000000 28.000000 1050.000000 1.339600 3.671211 0.010337 1 1 0 7809933828254691186 7974
400000 10 5147 2026.000000 28.000000 990.000000 1.313166 3.372345 0.009584 1 1 0 7809933828254691186 7960
400000 10 5229 2488.000000 24.000000 1452.000000 1.293247 4.936457 0.009029 1 1 0 7809933828254691186 7268
400000 10 5456 3139.000000 24.000000 1414.000000 1.398546 4.917727 0.009202 1 1 0 7809933828254691186 7958
400000 50 291877 283857.000000 71.000000 71.000000 0.242093 0.376668 0.003203 1 0 0 7809933828254691186 6168
400000 50 7377 3794.000000 36.000000 1530.000000 1.290879 5.205581 0.009808 1 1 0 7809933828254691186 8008
400000 50 12464 6616.000000 56.000000 1178.000000 1.294527 4.117270 0.012529 1 1 0 7809933828254691186 10100
400000 50 11203 5681.000000 55.000000 1403.000000 1.364116 4.785889 0.011964 1 1 0 8463501140580265760 10042
400000 50 11225 6038.000000 48.000000 1354.000000 1.286504 4.609108 0.010929 1 1 0 8463501140580265760 9382
400000 50 12602 6498.000000 62.000000 1508.000000 1.326684 5.248211 0.011602 1 1 0 8463501140580265760 10738
400000 50 15071 7962.000000 74.000000 1592.000000 1.313830 5.419258 0.014208 1 1 0 8463501140580265760 12158
400000 50 8660 4488.000000 38.000000 1202.000000 1.324407 4.204243 0.011442 1 1 0 8463501140580265760 9340
400000 50 10543 7142.000000 34.000000 1028.000000 1.355422 3.591113 0.009646 1 1 0 8463501140580265760 10044
400000 50 8541 4583.000000 42.000000 1540.000000 1.359087 5.231337 0.010496 1 1 0 8463501140580265760 9324
400000 50 11261 5716.000000 48.000000 1524.000000 1.313428 5.200644 0.011764 1 1 0 8463501140580265760 10114
400000 50 6675 3958.000000 22.000000 1334.000000 1.343147 4.671645 0.009156 1 1 0 8463501140580265760 7960
400000 50 6931 3205.000000 38.000000 1330.000000 1.352448 4.655286 0.010671 1 1 0 8463501140580265760 8634
400000 50 5663 3567.000000 22.000000 1072.000000 1.331785 3.669002 0.010397 1 1 0 8463501140580265760 7246
400000 50 6225 3056.000000 28.000000 1278.000000 1.304912 4.359444 0.010184 1 1 0 8463501140580265760 8014
400000 50 4744 2616.000000 22.000000 1408.000000 1.338063 4.922152 0.009874 1 1 0 8463501140580265760 7218
400000 50 6706 3584.000000 30.000000 1186.000000 1.337548 4.150254 0.010603 1 1 0 8463501140580265760 8016
400000 50 10493 6568.000000 42.000000 1306.000000 1.353254 4.449037 0.010885 1 1 0 8463501140580265760 8642
400000 50 3718 1638.000000 22.000000 1644.000000 1.300772 5.618927 0.009692 1 1 0 8463501140580265760 7318
400000 50 10402 5278.000000 43.000000 1337.000000 1.298158 4.671781 0.010434 1 1 0 8463501140580265760 8674
400000 100 9199 4101.000000 44.000000 1472.000000 1.365671 5.124879 0.013706 1 1 0 8463501140580265760 9272
400000 100 11853 5836.000000 54.000000 1390.000000 1.319514 4.819498 0.016278 1 1 0 8463501140580265760 10700
400000 100 13091 7498.000000 50.000000 1186.000000 1.469157 4.189364 0.011118 1 1 0 8463501140580265760 10066
400000 100 10952 5860.000000 44.000000 990.000000 1.360353 3.441591 0.011612 1 1 0 8463501140580265760 10666
400000 100 16504 10711.000000 56.000000 1284.000000 1.342881 4.393031 0.012393 1 1 0 8463501140580265760 9970
400000 100 83441 60738.000000 266.000000 1580.000000 1.349953 5.597744 0.019912 1 1 0 8463501140580265760 10834
400000 100 14968 9328.000000 50.000000 1010.000000 1.520256 3.570147 0.012678 1 1 0 8463501140580265760 10166
400000 100 14197 10303.000000 42.000000 1054.000000 1.451497 3.705790 0.011399 1 1 0 2334111870315423598 9438
400000 100 10239 4787.000000 53.000000 1407.000000 1.474275 5.030619 0.012070 1 1 0 2334111870315423598 10152
400000 100 7386 3611.000000 34.000000 1380.000000 1.519707 4.901573 0.012955 1 1 0 2334111870315423598 8568
400000 100 15097 9177.000000 56.000000 1084.000000 1.517089 3.832778 0.012055 1 1 0 2334111870315423598 12104
400000 100 9730 6076.000000 36.000000 936.000000 1.474476 3.316688 0.011769 1 1 0 2334111870315423598 8054
400000 100 11429 6058.000000 48.000000 1044.000000 1.418105 3.739635 0.014371 1 1 0 2334111870315423598 9992
400000 100 4302 1428.000000 22.000000 1232.000000 1.498827 4.395289 0.010237 1 1 0 2334111870315423598 7316
400000 100 7538 3779.000000 39.000000 1315.000000 1.512121 4.678521 0.012891 1 1 0 2334111870315423598 8570
400000 100 15142 8958.000000 62.000000 1142.000000 1.465159 4.047413 0.013910 1 1 0 2334111870315423598 10864
400000 100 20032 13067.000000 73.000000 1553.000000 1.486007 5.531449 0.012683 1 1 0 2334111870315423598 11374
400000 100 20873 13716.000000 78.000000 1618.000000 1.526797 5.710457 0.013080 1 1 0 2334111870315423598 11430
400000 100 15192 9805.000000 53.000000 1183.000000 1.476281 4.223690 0.012514 1 1 0 2334111870315423598 10002
400000 100 7739 5611.000000 24.000000 1112.000000 1.497839 3.973228 0.009036 1 1 0 2334111870315423598 8694
400000 500 16906 9989.000000 67.000000 1089.000000 1.553511 3.804362 0.013039 1 1 0 2334111870315423598 11776
400000 500 19929 12988.000000 76.000000 1118.000000 1.332303 3.960069 0.013243 1 1 0 2334111870315423598 9858
400000 500 30831 23682.000000 85.000000 1461.000000 1.608155 5.154978 0.012577 1 1 0 2334111870315423598 9786
400000 500 36531 26321.000000 117.000000 1351.000000 1.350518 4.709512 0.015671 1 1 0 2334111870315423598 9598
400000 500 29028 23315.000000 59.000000 867.000000 1.512547 3.120719 0.013938 1 1 0 2334111870315423598 10234
400000 500 23099 16110.000000 75.000000 1111.000000 1.514124 3.977935 0.015040 1 1 0 2334111870315423598 12582
400000 500 28219 20493.000000 95.000000 1425.000000 1.540761 5.035406 0.015291 1 1 0 2334111870315423598 13322
400000 500 11429 6129.000000 51.000000 1393.000000 1.537828 4.946588 0.016361 1 1 0 2334111870315423598 10420
400000 500 27386 16858.000000 95.000000 1237.000000 1.539593 4.479930 0.015687 1 1 0 2334111870315423598 15522
400000 500 12787 9942.000000 30.000000 1492.000000 1.527815 5.295031 0.009204 1 1 0 2334111870315423598 8428
400000 500 11990 6430.000000 54.000000 1538.000000 1.526232 5.472337 0.011826 1 1 0 2334111870315423598 9648
400000 500 17861 11893.000000 60.000000 1442.000000 1.492551 5.182166 0.012756 1 1 0 2334111870315423598 11210
400000 500 19593 12308.000000 83.000000 1385.000000 1.568615 4.940520 0.015532 1 1 0 2334111870315423598 13808
400000 500 18231 12319.000000 60.000000 1346.000000 1.507285 4.763714 0.012957 1 1 0 2334111870315423598 10368
400000 500 16150 10078.000000 64.000000 1198.000000 1.469124 4.266015 0.015260 1 1 0 2334111870315423598 10566
400000 500 49110 39076.000000 104.000000 958.000000 1.471249 3.451558 0.015700 1 1 0 2334111870315423598 12488
400000 500 37672 30635.000000 85.000000 981.000000 1.505611 3.515880 0.013715 1 1 0 2334111870315423598 8910
400000 500 162623 134635.000000 383.000000 1279.000000 1.509301 4.511994 0.027105 1 1 0 2334111870315423598 11100
400000 500 31320 23794.000000 101.000000 1163.000000 1.486161 4.170967 0.016277 1 1 0 2334111870315423598 10308
400000 500 24946 13875.000000 102.000000 1436.000000 1.522512 5.123973 0.018512 1 1 0 2334111870315423598 14708
800000 10 5515 3388.000000 20.000000 1704.000000 2.924015 6.097664 0.014841 1 1 0 2334111870315423598 10938
800000 10 4281 1620.000000 20.000000 2318.000000 2.957612 8.234752 0.013792 1 1 0 2334111870315423598 10930
800000 10 5038 2894.000000 22.000000 1882.000000 2.896811 6.679955 0.014629 1 1 0 2334111870315423598 10944
800000 10 4758 2679.000000 20.000000 1958.000000 2.927054 7.020540 0.017218 1 1 0 2334111870315423598 10928
800000 10 9800 6105.000000 36.000000 2414.000000 2.972713 8.573898 0.016884 1 1 0 2334111870315423598 12718
800000 10 9101 5326.000000 39.000000 2495.000000 2.865470 8.831567 0.015249 1 1 0 2334111870315423598 11814
800000 10 9526 6428.000000 28.000000 2438.000000 2.914814 8.681834 0.013690 1 1 0 2334111870315423598 12712
800000 10 5102 2145.000000 28.000000 2372.000000 2.886681 8.447647 0.014563 1 1 0 2334111870315423598 11830
800000 10 10849 5589.000000 48.000000 2150.000000 2.927860 7.681345 0.019574 1 1 0 2334111870315423598 13604
800000 10 3913 2126.000000 14.000000 1452.000000 2.919174 5.189586 0.018179 1 1 0 2334111870315423598 10942
800000 10 9185 6276.000000 26.000000 1678.000000 2.993639 5.972210 0.015043 1 1 0 2334111870315423598 11822
800000 10 8634 4455.000000 40.000000 2380.000000 3.028099 8.484158 0.019502 1 1 0 2334111870315423598 12718
800000 10 12398 6157.000000 60.000000 2278.000000 2.988400 8.149549 0.026292 1 1 0 2334111870315423598 15368
800000 10 9250 5984.000000 32.000000 2032.000000 2.876644 7.226839 0.016570 1 1 0 2334111870315423598 11820
800000 10 9239 5353.000000 40.000000 2262.000000 2.998957 8.053356 0.017882 1 1 0 2334111870315423598 13600
800000 10 3839 2282.000000 14.000000 2248.000000 2.897069 7.931509 0.014442 1 1 0 2334111870315423598 10036
800000 10 11670 5725.000000 56.000000 2222.000000 2.845828 7.950337 0.021907 1 1 0 3906063627016564079 14488
800000 10 7724 4547.000000 30.000000 1990.000000 2.909313 7.040434 0.018308 1 1 0 3906063627016564079 12702
800000 10 5915 2585.000000 30.000000 2842.000000 2.892339 10.032552 0.017765 1 1 0 3906063627016564079 11832
800000 10 3905 1761.000000 22.000000 2602.000000 2.947620 9.245374 0.014831 1 1 0 3906063627016564079 10942
800000 50 8899 5689.000000 31.000000 1983.000000 2.898932 7.009231 0.016788 1 1 0 3906063627016564079 11792
800000 50 15198 8941.000000 64.000000 2154.000000 2.842599 7.654394 0.021444 1 1 0 3906063627016564079 15412
800000 50 8327 4520.000000 40.000000 1838.000000 3.010019 6.521283 0.017579 1 1 0 3906063627016564079 12728
800000 50 5368 2526.000000 20.000000 2096.000000 2.907603 7.404459 0.016104 1 1 0 3906063627016564079 10922
800000 50 14800 8991.000000 54.000000 1686.000000 2.949744 6.007458 0.018645 1 1 0 3906063627016564079 15352
800000 50 6356 3138.000000 30.000000 2344.000000 2.967112 8.306302 0.018159 1 1 0 3906063627016564079 11872
800000 50 13734 7381.000000 64.000000 1926.000000 2.899160 6.794931 0.022136 1 1 0 3906063627016564079 15326
800000 50 22596 16635.000000 64.000000 1758.000000 2.873365 6.266633 0.021493 1 1 0 3906063627016564079 13580
800000 50 10756 5425.000000 48.000000 2442.000000 3.009974 8.651228 0.018912 1 1 0 3906063627016564079 13578
800000 50 10051 4855.000000 46.000000 2032.000000 2.855319 7.189144 0.020226 1 1 0 3906063627016564079 13618
800000 50 8354 5278.000000 32.000000 1580.000000 2.933845 5.673508 0.018781 1 1 0 3906063627016564079 12698
800000 50 2112 583.000000 12.000000 2714.000000 3.025911 9.561824 0.013246 1 1 0 3906063627016564079 9996
800000 50 10039 6097.000000 42.000000 2486.000000 2.932608 8.918455 0.022545 1 1 0 3906063627016564079 13552
800000 50 14722 9590.000000 51.000000 2381.000000 3.023936 8.433559 0.018619 1 1 0 3906063627016564079 11772
