Str Size|Edit Diff|Comm (bits)|Time Set(s)|Time Str(s)|Str Recon True
100000 0.000100 6175 0.006650 0.546217 1
100000 0.000100 16384 0.005709 0.571758 1
100000 0.000100 6259 0.005005 0.473129 1
100000 0.000100 11494 0.006550 0.468939 1
100000 0.000100 8066 0.004855 0.508178 1
100000 0.000100 4334 0.003520 0.413083 1
100000 0.000100 5795 0.003624 0.575992 1
100000 0.000100 12862 0.004606 0.418862 1
100000 0.000100 7102 0.003870 0.483402 1
100000 0.000100 4244 0.003150 0.330643 1
100000 0.000100 5807 0.004583 0.469500 1
100000 0.000100 9826 0.004632 0.383511 1
100000 0.000100 7052 0.004061 0.589103 1
100000 0.000100 10848 0.004838 0.491685 1
100000 0.000100 17878 0.005546 0.539727 1
100000 0.000100 11084 0.004109 0.385188 1
100000 0.000100 8809 0.004150 0.532478 1
100000 0.000100 10094 0.004148 0.511033 1
100000 0.000100 13144 0.006563 0.477753 1
100000 0.000100 6701 0.003644 0.384093 1
100000 0.000100 7134 0.003869 0.463464 1
100000 0.000100 5390 0.002914 0.489497 1
100000 0.000100 13222 0.008411 0.451594 1
100000 0.000100 5364 0.005217 0.514811 1
100000 0.000100 14660 0.005733 0.525121 1
100000 0.000100 9552 0.004259 0.469618 1
100000 0.000100 5561 0.003732 0.499636 1
100000 0.000100 10410 0.004024 0.388272 1
100000 0.000100 8424 0.004296 0.583004 1
100000 0.000100 4155 0.003980 0.466406 1
100000 0.000100 4672 0.004059 0.449028 1
100000 0.000100 11629 0.005185 0.470755 1
100000 0.000100 16305 0.007800 0.520861 1
100000 0.000100 11450 0.004394 0.454439 1
100000 0.000100 8815 0.006152 0.430441 1
100000 0.000100 9856 0.003944 0.493538 1
100000 0.000100 14343 0.005462 0.326936 1
100000 0.000100 8007 0.004499 0.587041 1
100000 0.000100 5303 0.003404 0.481961 1
100000 0.000100 10629 0.007399 0.471126 1
100000 0.000100 11497 0.005642 0.357699 1
100000 0.000100 15311 0.004576 0.404832 1
100000 0.000100 5625 0.003673 0.457385 1
100000 0.000100 7620 0.003822 0.463865 1
100000 0.000100 11620 0.005097 0.431799 1
100000 0.000100 14167 0.005764 0.479194 1
100000 0.000100 15179 0.006292 0.569835 1
100000 0.000100 9974 0.004196 0.487240 1
100000 0.000100 8713 0.005357 0.402545 1
100000 0.000100 9527 0.004148 0.491940 1
100000 0.000500 5752 0.004144 0.393476 1
100000 0.000500 11330 0.005687 0.583218 1
100000 0.000500 18687 0.006169 0.465388 1
100000 0.000500 22180 0.005493 0.391811 1
100000 0.000500 8901 0.004458 0.519333 1
100000 0.000500 11707 0.006584 0.432139 1
100000 0.000500 18761 0.004764 0.392506 1
100000 0.000500 12042 0.009246 0.481825 1
100000 0.000500 9472 0.006173 0.565007 1
100000 0.000500 9282 0.004762 0.489149 1
100000 0.000500 15446 0.006539 0.501864 1
100000 0.000500 9760 0.005296 0.514126 1
100000 0.000500 10072 0.004814 0.472570 1
100000 0.000500 19245 0.007588 0.393579 1
100000 0.000500 8740 0.003995 0.541530 1
100000 0.000500 25772 0.007721 0.488871 1
100000 0.000500 15085 0.006470 0.477043 1
100000 0.000500 8094 0.003433 0.442533 1
100000 0.000500 6853 0.003433 0.437590 1
100000 0.000500 22036 0.004954 0.390698 1
100000 0.000500 11248 0.005490 0.562782 1
100000 0.000500 9828 0.005655 0.379828 1
100000 0.000500 11316 0.005312 0.391641 1
100000 0.000500 26969 0.004694 0.297290 1
100000 0.000500 8866 0.004654 0.509091 1
100000 0.000500 2856 0.003224 0.450801 1
100000 0.000500 5303 0.004294 0.453791 1
100000 0.000500 10510 0.006224 0.478641 1
100000 0.000500 8866 0.004528 0.404534 1
100000 0.000500 19046 0.005616 0.388934 1
100000 0.000500 10751 0.004432 0.444993 1
100000 0.000500 22673 0.006315 0.322820 1
100000 0.000500 8530 0.003526 0.490825 1
100000 0.000500 9292 0.004446 0.510651 1
100000 0.000500 20192 0.005953 0.446645 1
100000 0.000500 13819 0.004652 0.502967 1
100000 0.000500 16539 0.006106 0.389157 1
100000 0.000500 7991 0.004909 0.529813 1
100000 0.000500 5156 0.003455 0.529207 1
100000 0.000500 7819 0.004422 0.455196 1
100000 0.000500 8499 0.004346 0.494221 1
100000 0.000500 2701 0.003251 0.572822 1
100000 0.000500 11052 0.004861 0.453739 1
100000 0.000500 13415 0.005380 0.571228 1
100000 0.000500 12238 0.005540 0.529215 1
100000 0.000500 20474 0.004291 0.319415 1
100000 0.000500 10584 0.005752 0.459675 1
100000 0.000500 15278 0.005820 0.348797 1
100000 0.000500 20154 0.006099 0.452384 1
100000 0.000500 11051 0.004540 0.475152 1
100000 0.001000 21107 0.007357 0.388957 1
100000 0.001000 20252 0.006371 0.437916 1
100000 0.001000 3963 0.003972 0.536741 1
100000 0.001000 18692 0.007468 0.466628 1
100000 0.001000 21497 0.007940 0.517673 1
100000 0.001000 22450 0.006734 0.410574 1
100000 0.001000 19319 0.006441 0.434997 1
100000 0.001000 19927 0.006495 0.411811 1
100000 0.001000 12385 0.004546 0.395788 1
100000 0.001000 29510 0.007276 0.455073 1
100000 0.001000 16167 0.008417 0.458320 1
100000 0.001000 12412 0.004872 0.461902 1
100000 0.001000 8639 0.004174 0.593962 1
100000 0.001000 18800 0.006884 0.561065 1
100000 0.001000 29573 0.004944 0.304543 1
100000 0.001000 18139 0.008634 0.464109 1
100000 0.001000 16644 0.006226 0.549813 1
100000 0.001000 17233 0.005725 0.460025 1
100000 0.001000 28558 0.006972 0.416590 1
100000 0.001000 12461 0.004872 0.469425 1
100000 0.001000 21364 0.007181 0.465907 1
100000 0.001000 12508 0.006241 0.490463 1
100000 0.001000 20640 0.006335 0.442655 1
100000 0.001000 19012 0.005721 0.441416 1
100000 0.001000 21332 0.006912 0.352550 1
100000 0.001000 15994 0.006430 0.491025 1
100000 0.001000 21451 0.006659 0.379837 1
100000 0.001000 17450 0.004760 0.464734 1
100000 0.001000 16810 0.005648 0.525816 1
100000 0.001000 11581 0.006429 0.539426 1
100000 0.001000 52699 0.009143 0.465214 1
100000 0.001000 11575 0.006964 0.424025 1
100000 0.001000 15434 0.004743 0.424297 1
100000 0.001000 11913 0.006233 0.433047 1
100000 0.001000 14286 0.005279 0.350356 1
100000 0.001000 19674 0.005788 0.452706 1
100000 0.001000 12921 0.007063 0.435764 1
100000 0.001000 13652 0.005926 0.414155 1
100000 0.001000 10173 0.004506 0.465618 1
100000 0.001000 18657 0.008493 0.460605 1
100000 0.001000 28024 0.007085 0.386488 1
100000 0.001000 5399 0.003343 0.317625 1
100000 0.001000 22177 0.005760 0.387624 1
100000 0.001000 10309 0.005519 0.534831 1
100000 0.001000 26165 0.005707 0.316861 1
100000 0.001000 9136 0.005155 0.496408 1
100000 0.001000 13304 0.005837 0.547017 1
100000 0.001000 8750 0.004297 0.470348 1
100000 0.001000 22582 0.008254 0.345874 1
100000 0.001000 14820 0.005729 0.478215 1
100000 0.005000 56969 0.010252 0.456300 1
100000 0.005000 47815 0.010855 0.476347 1
100000 0.005000 17418 0.004471 0.430903 1
100000 0.005000 13848 0.005727 0.525005 1
100000 0.005000 14874 0.004541 0.436463 1
100000 0.005000 19527 0.007410 0.421508 1
100000 0.005000 9888 0.004429 0.484920 1
100000 0.005000 16779 0.005604 0.528380 1
100000 0.005000 24372 0.007096 0.365964 1
100000 0.005000 19271 0.005498 0.461156 1
100000 0.005000 29312 0.006655 0.459993 1
100000 0.005000 19780 0.006942 0.551495 1
100000 0.005000 12278 0.004299 0.485966 1
100000 0.005000 8972 0.006233 0.513020 1
100000 0.005000 8404 0.004639 0.420406 1
100000 0.005000 16578 0.009536 0.467889 1
100000 0.005000 15001 0.005609 0.460159 1
100000 0.005000 22180 0.009356 0.562782 1
100000 0.005000 27361 0.005824 0.379901 1
100000 0.005000 42688 0.009721 0.499484 1
100000 0.005000 11201 0.005902 0.443182 1
100000 0.005000 24029 0.009259 0.473171 1
100000 0.005000 29850 0.006239 0.387090 1
100000 0.005000 41376 0.010527 0.424492 1
100000 0.005000 20696 0.005378 0.488163 1
100000 0.005000 22687 0.006794 0.333588 1
100000 0.005000 29200 0.009353 0.314860 1
100000 0.005000 25143 0.007968 0.500802 1
100000 0.005000 23882 0.007072 0.370716 1
100000 0.005000 13062 0.005778 0.457801 1
100000 0.005000 19791 0.008414 0.502491 1
100000 0.005000 37423 0.006471 0.310701 1
100000 0.005000 14627 0.006884 0.568999 1
100000 0.005000 19954 0.007540 0.497624 1
100000 0.005000 21463 0.008358 0.459761 1
100000 0.005000 28465 0.006287 0.387219 1
100000 0.005000 8632 0.007443 0.454229 1
100000 0.005000 10899 0.004924 0.455312 1
100000 0.005000 7630 0.005252 0.469225 1
100000 0.005000 27834 0.006044 0.353532 1
100000 0.005000 27353 0.006422 0.423381 1
100000 0.005000 18422 0.005500 0.590938 1
100000 0.005000 26492 0.007536 0.548627 1
100000 0.005000 26158 0.006538 0.434679 1
100000 0.005000 19302 0.006931 0.445707 1
100000 0.005000 11787 0.005568 0.564508 1
100000 0.005000 38330 0.006417 0.364283 1
100000 0.005000 7884 0.003645 0.504029 1
100000 0.005000 10907 0.004931 0.472676 1
100000 0.005000 20615 0.009537 0.532617 1
100000 0.010000 28122 0.007232 0.426158 1
100000 0.010000 28956 0.010233 0.558339 1
100000 0.010000 53309 0.008522 0.401943 1
100000 0.010000 23612 0.007684 0.392974 1
100000 0.010000 19866 0.006318 0.561989 1
100000 0.010000 18105 0.009407 0.541857 1
100000 0.010000 16014 0.008012 0.578283 1
100000 0.010000 29819 0.009270 0.542124 1
100000 0.010000 15180 0.006581 0.539499 1
100000 0.010000 48001 0.009183 0.453648 1
100000 0.010000 13092 0.005468 0.429318 1
100000 0.010000 29386 0.007145 0.420881 1
100000 0.010000 17539 0.008129 0.505298 1
100000 0.010000 34460 0.008993 0.492549 1
100000 0.010000 37762 0.007273 0.361967 1
100000 0.010000 24970 0.006660 0.436030 1
100000 0.010000 22291 0.009240 0.482563 1
100000 0.010000 19690 0.006701 0.399920 1
100000 0.010000 21414 0.006607 0.491551 1
100000 0.010000 24343 0.008236 0.464636 1
100000 0.010000 17428 0.008380 0.535697 1
100000 0.010000 28242 0.007001 0.343999 1
100000 0.010000 24029 0.009380 0.517072 1
100000 0.010000 24285 0.008100 0.476825 1
100000 0.010000 17701 0.005981 0.405565 1
100000 0.010000 23587 0.011587 0.436121 1
100000 0.010000 15621 0.005391 0.516414 1
100000 0.010000 18429 0.006598 0.539115 1
100000 0.010000 22581 0.009952 0.551245 1
100000 0.010000 22529 0.005824 0.402891 1
100000 0.010000 14469 0.006010 0.577589 1
100000 0.010000 27671 0.007556 0.405717 1
100000 0.010000 19834 0.006506 0.457397 1
100000 0.010000 34891 0.009481 0.477197 1
100000 0.010000 16260 0.005465 0.460960 1
100000 0.010000 16513 0.007044 0.482611 1
100000 0.010000 26985 0.007100 0.379872 1
100000 0.010000 38237 0.011496 0.509520 1
100000 0.010000 22533 0.006442 0.472773 1
100000 0.010000 26348 0.006547 0.476916 1
100000 0.010000 9070 0.005563 0.505559 1
100000 0.010000 11800 0.005696 0.569275 1
100000 0.010000 21022 0.010254 0.503449 1
100000 0.010000 21341 0.009245 0.572995 1
100000 0.010000 26060 0.010478 0.492880 1
100000 0.010000 26404 0.007018 0.409290 1
100000 0.010000 18725 0.006414 0.460143 1
100000 0.010000 22960 0.006677 0.487989 1
100000 0.010000 20475 0.008244 0.507183 1
100000 0.010000 33956 0.008094 0.361074 1
100000 0.050000 32726 0.007176 0.423665 1
100000 0.050000 34546 0.010433 0.486612 1
100000 0.050000 36393 0.007570 0.392791 1
100000 0.050000 24777 0.006494 0.499834 1
100000 0.050000 26636 0.006848 0.435987 1
100000 0.050000 30895 0.007354 0.533222 1
100000 0.050000 36401 0.008955 0.390300 1
100000 0.050000 29669 0.006618 0.459845 1
100000 0.050000 34832 0.008667 0.578471 1
100000 0.050000 26443 0.008620 0.398001 1
100000 0.050000 50364 0.008680 0.449241 1
100000 0.050000 36509 0.006658 0.503965 1
100000 0.050000 52013 0.009289 0.395389 1
100000 0.050000 28788 0.005928 0.437442 1
100000 0.050000 31940 0.007472 0.465852 1
100000 0.050000 38128 0.009261 0.559143 1
100000 0.050000 36998 0.007362 0.456765 1
100000 0.050000 31991 0.007463 0.379874 1
100000 0.050000 36459 0.009676 0.424767 1
100000 0.050000 39787 0.008722 0.428684 1
100000 0.050000 28557 0.007191 0.383349 1
100000 0.050000 56583 0.008941 0.419246 1
100000 0.050000 43725 0.006630 0.314534 1
100000 0.050000 48469 0.009476 0.360378 1
100000 0.050000 42463 0.012975 0.580278 1
100000 0.050000 45557 0.009683 0.464202 1
100000 0.050000 62355 0.012481 0.467463 1
100000 0.050000 35506 0.008382 0.589752 1
100000 0.050000 37036 0.009582 0.341067 1
100000 0.050000 79984 0.008586 0.359409 1
100000 0.050000 21451 0.009465 0.559889 1
100000 0.050000 29777 0.008177 0.509508 1
100000 0.050000 23856 0.006516 0.455763 1
100000 0.050000 39172 0.009100 0.498359 1
100000 0.050000 34905 0.008852 0.505468 1
100000 0.050000 27296 0.009595 0.471964 1
100000 0.050000 31639 0.007830 0.512709 1
100000 0.050000 22009 0.005857 0.325855 1
100000 0.050000 37015 0.008785 0.432720 1
100000 0.050000 41326 0.014220 0.488745 1
100000 0.050000 24832 0.009761 0.518804 1
100000 0.050000 49538 0.009862 0.574939 1
100000 0.050000 62049 0.009392 0.481895 1
100000 0.050000 56575 0.009806 0.392645 1
100000 0.050000 34778 0.009357 0.325044 1
100000 0.050000 19844 0.005904 0.544378 1
100000 0.050000 19008 0.004725 0.437848 1
100000 0.050000 43928 0.011268 0.527176 1
100000 0.050000 31484 0.009592 0.432570 1
100000 0.050000 30329 0.006656 0.477917 1
400000 0.000100 14418 0.011812 1.356342 1
400000 0.000100 19984 0.011779 1.191317 1
400000 0.000100 16783 0.012898 1.317469 1
400000 0.000100 24863 0.011007 1.256112 1
400000 0.000100 13655 0.009066 1.216589 1
400000 0.000100 15143 0.011729 1.230060 1
400000 0.000100 18733 0.010006 1.242852 1
400000 0.000100 13326 0.009641 1.086287 1
400000 0.000100 16756 0.012855 1.128437 1
400000 0.000100 17827 0.012026 1.276641 1
400000 0.000100 12884 0.012033 1.227303 1
400000 0.000100 5825 0.006663 1.234956 1
400000 0.000100 18858 0.011229 1.262997 1
400000 0.000100 19510 0.011722 1.194268 1
400000 0.000100 18349 0.013556 1.277039 1
400000 0.000100 22787 0.011539 1.269626 1
400000 0.000100 12192 0.008528 1.187658 1
400000 0.000100 12776 0.010030 1.239499 1
400000 0.000100 25773 0.014305 1.154812 1
400000 0.000100 7254 0.008920 1.212763 1
400000 0.000100 18971 0.009655 1.026973 1
400000 0.000100 25047 0.011992 1.138777 1
400000 0.000100 10599 0.010036 1.262562 1
400000 0.000100 6404 0.008047 1.135837 1
400000 0.000100 21853 0.012910 1.140891 1
400000 0.000100 10136 0.009319 1.315155 1
400000 0.000100 17416 0.011653 1.090753 1
400000 0.000100 7020 0.007951 1.229121 1
400000 0.000100 14816 0.012223 1.324268 1
400000 0.000100 26852 0.012483 1.146211 1
400000 0.000100 6332 0.007256 1.272166 1
400000 0.000100 24253 0.011455 1.180702 1
400000 0.000100 20261 0.009720 1.331159 1
400000 0.000100 15228 0.011873 1.306779 1
400000 0.000100 29299 0.012921 1.190627 1
400000 0.000100 16397 0.010547 1.324999 1
400000 0.000100 19448 0.013006 1.182991 1
400000 0.000100 12032 0.010054 1.227802 1
400000 0.000100 18987 0.011906 1.282546 1
400000 0.000100 22687 0.011953 1.187642 1
400000 0.000100 26646 0.010006 1.166026 1
400000 0.000100 6248 0.008903 1.190819 1
400000 0.000100 11181 0.009602 1.287057 1
400000 0.000100 27848 0.011236 1.198339 1
400000 0.000100 16701 0.009744 1.186129 1
400000 0.000100 6993 0.010538 1.190934 1
400000 0.000100 12612 0.009039 1.258980 1
400000 0.000100 10109 0.010120 1.193176 1
400000 0.000100 25345 0.011835 1.031369 1
400000 0.000100 25463 0.012584 1.333811 1
400000 0.000500 15141 0.012340 1.261371 1
400000 0.000500 18093 0.008548 1.200049 1
400000 0.000500 35169 0.012955 1.223302 1
400000 0.000500 31532 0.014488 1.177983 1
400000 0.000500 9504 0.008303 1.244708 1
400000 0.000500 18301 0.008167 1.179133 1
400000 0.000500 9734 0.010163 1.231471 1
400000 0.000500 25344 0.011306 1.137307 1
400000 0.000500 17072 0.011136 1.316687 1
400000 0.000500 36133 0.013315 1.204532 1
400000 0.000500 12991 0.013140 1.243328 1
400000 0.000500 34474 0.012662 1.246659 1
400000 0.000500 6871 0.009732 1.329949 1
400000 0.000500 24453 0.015384 1.252976 1
400000 0.000500 13741 0.010791 1.241235 1
400000 0.000500 42484 0.017308 1.192893 1
400000 0.000500 28802 0.012996 1.255729 1
400000 0.000500 20640 0.012565 1.250298 1
400000 0.000500 20343 0.009974 1.093987 1
400000 0.000500 29476 0.011772 1.181456 1
400000 0.000500 28937 0.013763 1.093645 1
400000 0.000500 9276 0.010532 1.320799 1
400000 0.000500 19172 0.011208 1.212634 1
400000 0.000500 24959 0.014535 1.285756 1
400000 0.000500 12008 0.011803 1.359358 1
400000 0.000500 20123 0.013142 1.238442 1
400000 0.000500 14446 0.011117 1.183710 1
400000 0.000500 37854 0.012033 1.199859 1
400000 0.000500 11279 0.012384 1.302176 1
400000 0.000500 12662 0.011453 1.242955 1
400000 0.000500 27989 0.013330 1.269107 1
400000 0.000500 20302 0.010797 1.193934 1
400000 0.000500 23982 0.012934 1.239047 1
400000 0.000500 16893 0.012229 1.322560 1
400000 0.000500 27778 0.013705 1.272824 1
400000 0.000500 26385 0.011012 1.189781 1
400000 0.000500 24449 0.012456 1.325512 1
400000 0.000500 25352 0.012053 1.258887 1
400000 0.000500 21868 0.013313 1.157633 1
400000 0.000500 21949 0.011943 1.309025 1
400000 0.000500 29150 0.011607 1.217806 1
400000 0.000500 30629 0.012702 1.146734 1
400000 0.000500 11405 0.011206 1.279013 1
400000 0.000500 24762 0.014494 1.155940 1
400000 0.000500 30193 0.015783 1.257113 1
400000 0.000500 27794 0.017441 1.323823 1
400000 0.000500 17536 0.009191 1.093203 1
400000 0.000500 14079 0.011048 1.312707 1
400000 0.000500 18602 0.014548 1.264541 1
400000 0.000500 18924 0.012446 1.193445 1
400000 0.001000 26078 0.011907 1.252672 1
400000 0.001000 13646 0.010198 1.241875 1
400000 0.001000 13516 0.007490 1.266807 1
400000 0.001000 31427 0.012879 1.183013 1
400000 0.001000 36035 0.020742 1.275300 1
400000 0.001000 36416 0.014492 1.152295 1
400000 0.001000 20589 0.014263 1.253143 1
400000 0.001000 19478 0.012853 1.275523 1
400000 0.001000 16878 0.010247 1.351548 1
400000 0.001000 31758 0.014391 1.196377 1
400000 0.001000 14726 0.009140 1.081207 1
400000 0.001000 37044 0.014446 1.233156 1
400000 0.001000 23834 0.012199 1.315585 1
400000 0.001000 17888 0.009229 1.245715 1
400000 0.001000 20843 0.013054 1.212732 1
400000 0.001000 40953 0.015007 1.183653 1
400000 0.001000 30037 0.012593 1.204905 1
400000 0.001000 24107 0.014296 1.217432 1
400000 0.001000 19145 0.010644 1.213646 1
400000 0.001000 21806 0.012086 1.155239 1
400000 0.001000 35255 0.012294 1.256758 1
400000 0.001000 27529 0.013334 1.329996 1
400000 0.001000 24742 0.011872 1.248922 1
400000 0.001000 53837 0.018432 1.097124 1
400000 0.001000 40355 0.012876 1.186668 1
400000 0.001000 26970 0.012333 1.219201 1
400000 0.001000 14934 0.012133 1.303736 1
400000 0.001000 20713 0.012711 1.296498 1
400000 0.001000 37971 0.015885 1.317133 1
400000 0.001000 30590 0.011745 1.198028 1
400000 0.001000 26889 0.011266 1.143057 1
400000 0.001000 32334 0.013395 1.237508 1
400000 0.001000 25256 0.014305 1.153679 1
400000 0.001000 31883 0.013632 1.189373 1
400000 0.001000 24219 0.010530 1.190888 1
400000 0.001000 20081 0.011925 1.265475 1
400000 0.001000 22377 0.014162 1.265326 1
400000 0.001000 20088 0.011750 1.248766 1
400000 0.001000 19626 0.011450 1.240394 1
400000 0.001000 25264 0.012295 1.199003 1
400000 0.001000 22686 0.013820 1.256459 1
400000 0.001000 26278 0.011115 1.086151 1
400000 0.001000 30446 0.011933 1.164461 1
400000 0.001000 47749 0.015388 1.145444 1
400000 0.001000 17971 0.012754 1.204464 1
400000 0.001000 24453 0.011025 1.196839 1
400000 0.001000 63749 0.020044 1.210984 1
400000 0.001000 16334 0.009491 1.188841 1
400000 0.001000 26854 0.012393 1.177371 1
400000 0.001000 17044 0.010763 1.237347 1
400000 0.005000 21713 0.012667 1.319604 1
400000 0.005000 50859 0.015964 1.317483 1
400000 0.005000 25805 0.012508 1.089816 1
400000 0.005000 19645 0.010641 1.201985 1
400000 0.005000 44303 0.015088 1.269285 1
400000 0.005000 34620 0.014037 1.130566 1
400000 0.005000 26994 0.014067 1.264885 1
400000 0.005000 21399 0.011940 1.314118 1
400000 0.005000 34970 0.016865 1.195248 1
400000 0.005000 30962 0.010224 1.194977 1
400000 0.005000 40365 0.012070 1.108406 1
400000 0.005000 41624 0.015556 1.373260 1
400000 0.005000 29588 0.011240 1.269120 1
400000 0.005000 22076 0.013642 1.309684 1
400000 0.005000 37868 0.016357 1.249325 1
400000 0.005000 41144 0.013216 1.187435 1
400000 0.005000 42599 0.011398 1.125615 1
400000 0.005000 28777 0.012282 1.153041 1
400000 0.005000 42340 0.011436 1.103924 1
400000 0.005000 45544 0.019472 1.268902 1
400000 0.005000 124066 0.025497 1.378793 1
400000 0.005000 53361 0.011225 1.090789 1
400000 0.005000 33824 0.008848 1.086996 1
400000 0.005000 41120 0.014454 1.198829 1
400000 0.005000 23105 0.011355 1.334809 1
400000 0.005000 103781 0.021641 1.205986 1
400000 0.005000 18054 0.010200 1.247538 1
400000 0.005000 37988 0.011005 1.086295 1
400000 0.005000 21919 0.011400 1.318065 1
400000 0.005000 57276 0.017126 1.238325 1
400000 0.005000 51213 0.014136 1.212488 1
400000 0.005000 45782 0.017398 1.268829 1
400000 0.005000 32892 0.014393 1.328595 1
400000 0.005000 19350 0.013545 1.324502 1
400000 0.005000 45869 0.017120 1.299572 1
400000 0.005000 68875 0.017182 1.233630 1
400000 0.005000 24235 0.011056 1.224128 1
400000 0.005000 41286 0.013602 1.141267 1
400000 0.005000 51819 0.016162 1.152410 1
400000 0.005000 20368 0.009195 1.276548 1
400000 0.005000 28090 0.010756 1.198924 1
400000 0.005000 26940 0.012793 1.224780 1
400000 0.005000 41722 0.010926 1.198186 1
400000 0.005000 43406 0.016737 1.191980 1
400000 0.005000 24431 0.011299 1.287266 1
400000 0.005000 41712 0.013221 1.202019 1
400000 0.005000 44915 0.016568 1.258039 1
400000 0.005000 38112 0.017067 1.272374 1
400000 0.005000 28788 0.012819 1.219228 1
400000 0.005000 34893 0.015319 1.196744 1
400000 0.010000 60790 0.014768 1.225233 1
400000 0.010000 48978 0.018798 1.207299 1
400000 0.010000 34083 0.010279 1.193501 1
400000 0.010000 36386 0.015373 1.269828 1
400000 0.010000 63794 0.016742 1.270064 1
400000 0.010000 28338 0.011425 1.185192 1
400000 0.010000 28940 0.011526 1.127761 1
400000 0.010000 149568 0.024357 1.160893 1
400000 0.010000 58395 0.018604 1.207992 1
400000 0.010000 38501 0.015977 1.248580 1
400000 0.010000 22291 0.011645 1.287769 1
400000 0.010000 47362 0.016821 1.199246 1
400000 0.010000 81566 0.014583 1.190115 1
400000 0.010000 72746 0.019514 1.197551 1
400000 0.010000 42490 0.016043 1.156630 1
400000 0.010000 47962 0.018882 1.306900 1
400000 0.010000 37011 0.009278 1.227730 1
400000 0.010000 48842 0.019213 1.271154 1
400000 0.010000 40998 0.016199 1.287815 1
400000 0.010000 131963 0.023163 1.377072 1
400000 0.010000 31882 0.012542 1.254127 1
400000 0.010000 63737 0.014975 1.144334 1
400000 0.010000 43851 0.013539 1.097278 1
400000 0.010000 57923 0.016130 1.105196 1
400000 0.010000 34532 0.011999 1.311039 1
400000 0.010000 67439 0.016237 1.132970 1
400000 0.010000 175953 0.019484 1.152401 1
400000 0.010000 41909 0.012915 1.090925 1
400000 0.010000 178905 0.026843 1.275909 1
400000 0.010000 92591 0.018939 1.241589 1
400000 0.010000 25441 0.016008 1.305550 1
400000 0.010000 48144 0.018160 1.114101 1
400000 0.010000 90990 0.019854 1.265111 1
400000 0.010000 50928 0.017355 1.279180 1
400000 0.010000 51416 0.015442 1.285502 1
400000 0.010000 99875 0.016620 1.156167 1
400000 0.010000 65687 0.018004 1.153843 1
400000 0.010000 46703 0.013189 1.144838 1
400000 0.010000 45585 0.018038 1.272583 1
400000 0.010000 99331 0.021254 1.198446 1
400000 0.010000 39211 0.014394 1.256765 1
400000 0.010000 53652 0.018303 1.132816 1
400000 0.010000 31273 0.012410 1.153067 1
400000 0.010000 126104 0.026888 1.327864 1
400000 0.010000 24647 0.011597 1.239323 1
400000 0.010000 32958 0.016547 1.341944 1
400000 0.010000 27061 0.012150 1.205668 1
400000 0.010000 58875 0.016942 1.248923 1
400000 0.010000 101177 0.016314 1.158996 1
400000 0.010000 43489 0.009504 1.273360 1
400000 0.050000 69571 0.020645 1.342127 1
400000 0.050000 178792 0.022428 1.102369 1
400000 0.050000 120247 0.021899 1.219403 1
400000 0.050000 134784 0.024114 1.271969 1
400000 0.050000 159452 0.025408 1.219491 1
400000 0.050000 165851 0.025990 1.105949 1
400000 0.050000 61862 0.018656 1.192096 1
400000 0.050000 71972 0.017119 1.330224 1
400000 0.050000 175840 0.023375 1.162344 1
400000 0.050000 47861 0.013994 1.171067 1
400000 0.050000 122137 0.024116 1.296146 1
400000 0.050000 186214 0.026107 1.326692 1
400000 0.050000 121420 0.023720 1.266856 1
400000 0.050000 79549 0.017798 1.266183 1
400000 0.050000 77054 0.017380 1.190585 1
400000 0.050000 136113 0.023464 1.286634 1
400000 0.050000 70862 0.017481 1.102817 1
400000 0.050000 150074 0.018799 1.044430 1
400000 0.050000 132799 0.027067 1.294825 1
400000 0.050000 67804 0.018557 1.299808 1
400000 0.050000 71299 0.016340 1.204422 1
400000 0.050000 86977 0.018622 1.260841 1
400000 0.050000 138664 0.029521 1.295702 1
400000 0.050000 81193 0.017915 1.348060 1
400000 0.050000 87213 0.018337 1.327544 1
400000 0.050000 70670 0.016727 1.206085 1
400000 0.050000 123899 0.017304 1.156698 1
400000 0.050000 156316 0.028034 1.334840 1
400000 0.050000 81511 0.014815 1.321521 1
400000 0.050000 66043 0.015343 1.140709 1
400000 0.050000 133090 0.025065 1.266376 1
400000 0.050000 68240 0.017027 1.188152 1
400000 0.050000 177200 0.029885 1.284006 1
400000 0.050000 185526 0.029689 1.286502 1
400000 0.050000 107951 0.016412 1.154562 1
400000 0.050000 49683 0.014866 1.264859 1
400000 0.050000 90469 0.017229 1.137340 1
400000 0.050000 112088 0.017879 1.204867 1
400000 0.050000 133282 0.024190 1.272808 1
400000 0.050000 107798 0.017602 1.314828 1
400000 0.050000 133321 0.024821 1.267459 1
400000 0.050000 67163 0.016448 1.195584 1
400000 0.050000 73440 0.016775 1.277559 1
400000 0.050000 153133 0.019110 1.217934 1
400000 0.050000 62893 0.017273 1.337929 1
400000 0.050000 130375 0.024193 1.272697 1
400000 0.050000 79807 0.018384 1.243693 1
400000 0.050000 110177 0.027086 1.340322 1
400000 0.050000 97790 0.016837 1.260411 1
400000 0.050000 152651 0.026743 1.328788 1
800000 0.000100 20142 0.014005 1.877476 1
800000 0.000100 17852 0.012958 1.858477 1
800000 0.000100 21186 0.012120 1.847079 1
800000 0.000100 39447 0.019690 1.848844 1
800000 0.000100 13243 0.011403 1.988497 1
800000 0.000100 31240 0.014525 2.004829 1
800000 0.000100 30334 0.018478 2.002363 1
800000 0.000100 18232 0.014251 1.854186 1
800000 0.000100 33539 0.016307 1.852448 1
800000 0.000100 28418 0.015189 1.906976 1
800000 0.000100 19708 0.013337 1.956766 1
800000 0.000100 20624 0.013553 1.834250 1
800000 0.000100 25873 0.018297 2.021469 1
800000 0.000100 35611 0.017201 2.000059 1
800000 0.000100 27141 0.014812 1.993412 1
800000 0.000100 6885 0.011828 1.854934 1
800000 0.000100 18030 0.014072 2.004515 1
800000 0.000100 37198 0.015884 1.843318 1
800000 0.000100 25821 0.014928 1.999954 1
800000 0.000100 18198 0.011712 1.830793 1
800000 0.000100 17802 0.014921 2.015828 1
800000 0.000100 30513 0.016931 1.916471 1
800000 0.000100 20910 0.014795 1.999750 1
800000 0.000100 18024 0.012329 1.866798 1
800000 0.000100 17074 0.012900 1.998359 1
800000 0.000100 12693 0.011698 1.931613 1
800000 0.000100 29045 0.013891 1.935817 1
800000 0.000100 26316 0.013128 1.919635 1
800000 0.000100 23805 0.017939 1.871318 1
800000 0.000100 19373 0.014874 1.843706 1
800000 0.000100 28931 0.016459 2.003825 1
800000 0.000100 30993 0.014363 1.854645 1
800000 0.000100 20831 0.015164 1.958754 1
800000 0.000100 26399 0.014674 1.927234 1
800000 0.000100 28425 0.016563 1.945310 1
800000 0.000100 28985 0.016379 1.849082 1
800000 0.000100 32254 0.017004 1.931302 1
800000 0.000100 31134 0.015676 2.012096 1
800000 0.000100 15910 0.016649 2.005253 1
800000 0.000100 10535 0.011415 1.994465 1
800000 0.000100 15495 0.017066 1.868707 1
800000 0.000100 8036 0.011505 1.903690 1
800000 0.000100 23474 0.013595 1.871051 1
800000 0.000100 8849 0.012054 1.986807 1
800000 0.000100 26111 0.016288 1.941961 1
800000 0.000100 43987 0.021033 1.894737 1
800000 0.000100 31277 0.019527 1.939158 1
800000 0.000100 43381 0.016351 1.948600 1
800000 0.000100 19666 0.013236 1.840507 1
800000 0.000100 36665 0.017039 1.832896 1
800000 0.000500 44992 0.017639 1.920075 1
800000 0.000500 44648 0.018903 1.856617 1
800000 0.000500 15993 0.015286 1.844691 1
800000 0.000500 35619 0.015842 1.866749 1
800000 0.000500 38385 0.018837 1.856986 1
800000 0.000500 27333 0.015311 1.914159 1
800000 0.000500 39952 0.018877 2.005615 1
800000 0.000500 37108 0.015405 1.851080 1
800000 0.000500 42551 0.019731 1.884851 1
800000 0.000500 33995 0.016559 1.938476 1
800000 0.000500 29030 0.016105 1.914481 1
800000 0.000500 36391 0.017310 2.016323 1
800000 0.000500 23115 0.016649 1.999932 1
800000 0.000500 25906 0.019130 1.999323 1
800000 0.000500 40664 0.019494 1.843303 1
800000 0.000500 87341 0.019755 1.842520 1
800000 0.000500 24839 0.015801 1.926231 1
800000 0.000500 55131 0.023585 1.867070 1
800000 0.000500 34077 0.016994 1.847549 1
800000 0.000500 27684 0.016252 1.845102 1
800000 0.000500 16295 0.012922 1.847770 1
800000 0.000500 20708 0.016032 1.846046 1
800000 0.000500 77780 0.019862 1.838808 1
800000 0.000500 36843 0.019975 1.841259 1
800000 0.000500 32077 0.019518 1.909523 1
800000 0.000500 50204 0.019772 1.837068 1
800000 0.000500 13964 0.012784 1.834427 1
800000 0.000500 30039 0.015278 1.833219 1
800000 0.000500 19668 0.012359 1.947005 1
800000 0.000500 13595 0.014436 1.856823 1
800000 0.000500 36870 0.020835 1.959325 1
800000 0.000500 28504 0.018110 2.004442 1
800000 0.000500 26395 0.014750 1.856305 1
800000 0.000500 34506 0.018320 1.888386 1
800000 0.000500 16017 0.013310 1.948515 1
800000 0.000500 30516 0.015804 1.857723 1
800000 0.000500 48118 0.019362 1.852237 1
800000 0.000500 26521 0.014645 2.010228 1
800000 0.000500 31019 0.015469 1.933692 1
800000 0.000500 42089 0.019829 1.857134 1
800000 0.000500 31833 0.019784 1.843271 1
800000 0.000500 28161 0.017137 1.957017 1
800000 0.000500 30833 0.016557 1.905924 1
800000 0.000500 18098 0.012345 1.864396 1
800000 0.000500 61214 0.022477 1.870240 1
800000 0.000500 41060 0.020436 1.868646 1
800000 0.000500 32225 0.015237 1.946756 1
800000 0.000500 16263 0.013815 1.845574 1
800000 0.000500 31400 0.016437 1.958306 1
800000 0.000500 45686 0.020079 1.832030 1
800000 0.001000 39802 0.015985 1.851586 1
800000 0.001000 33815 0.016957 1.868200 1
800000 0.001000 55988 0.020849 1.949119 1
800000 0.001000 37595 0.014125 1.844215 1
800000 0.001000 47523 0.019195 1.857718 1
800000 0.001000 79960 0.019918 1.955224 1
800000 0.001000 20368 0.015433 1.946176 1
800000 0.001000 34199 0.016324 1.996501 1
800000 0.001000 38874 0.018763 1.902631 1
800000 0.001000 30242 0.016611 1.874706 1
800000 0.001000 63140 0.020202 1.933725 1
800000 0.001000 42288 0.016396 1.851661 1
800000 0.001000 43334 0.018705 1.844748 1
800000 0.001000 66925 0.021698 1.929048 1
800000 0.001000 255126 0.038333 2.025459 1
800000 0.001000 44361 0.018592 1.951944 1
800000 0.001000 27769 0.017507 1.850187 1
800000 0.001000 46933 0.018242 1.908260 1
800000 0.001000 33475 0.016271 1.844062 1
800000 0.001000 32833 0.014266 1.924859 1
800000 0.001000 32934 0.017952 1.876765 1
800000 0.001000 42973 0.015696 1.853472 1
800000 0.001000 40510 0.018249 1.947374 1
800000 0.001000 30733 0.019402 2.016160 1
800000 0.001000 17713 0.016213 1.873122 1
800000 0.001000 60533 0.020855 1.862511 1
800000 0.001000 37610 0.016662 1.935915 1
800000 0.001000 54058 0.020166 2.007282 1
800000 0.001000 29449 0.016533 1.910355 1
800000 0.001000 39084 0.018748 1.940697 1
800000 0.001000 64175 0.019743 1.953729 1
800000 0.001000 43897 0.017214 1.855401 1
800000 0.001000 49221 0.020711 1.909825 1
800000 0.001000 54922 0.020367 1.935801 1
800000 0.001000 45585 0.018666 1.870188 1
800000 0.001000 36143 0.016744 1.905364 1
800000 0.001000 54824 0.023193 1.879990 1
800000 0.001000 53425 0.023341 1.958525 1
800000 0.001000 43652 0.016971 1.853794 1
800000 0.001000 26611 0.017111 1.863495 1
800000 0.001000 28945 0.016630 1.837853 1
800000 0.001000 10448 0.012652 1.935156 1
800000 0.001000 36319 0.015646 1.906905 1
800000 0.001000 50396 0.020179 1.949885 1
800000 0.001000 17177 0.014832 2.000990 1
800000 0.001000 30421 0.018204 2.006711 1
800000 0.001000 11706 0.012395 1.849402 1
800000 0.001000 38375 0.014581 1.948219 1
800000 0.001000 24320 0.014355 1.932002 1
800000 0.001000 25824 0.015300 1.924338 1
800000 0.005000 39449 0.020491 2.014117 1
800000 0.005000 39920 0.018089 2.009875 1
800000 0.005000 33311 0.016285 1.915532 1
800000 0.005000 77169 0.021698 1.932659 1
800000 0.005000 46856 0.018053 1.879588 1
800000 0.005000 76605 0.022838 1.916139 1
800000 0.005000 30177 0.016502 1.938126 1
800000 0.005000 78707 0.024337 2.002392 1
800000 0.005000 42227 0.017760 1.914164 1
800000 0.005000 195364 0.022892 1.930518 1
800000 0.005000 63834 0.023429 1.947771 1
800000 0.005000 66664 0.018938 1.932594 1
800000 0.005000 39242 0.018869 2.011588 1
800000 0.005000 37672 0.018870 1.919015 1
800000 0.005000 73611 0.022266 2.015384 1
800000 0.005000 46492 0.021410 1.911803 1
800000 0.005000 135905 0.024709 1.957395 1
800000 0.005000 80728 0.023591 2.008853 1
800000 0.005000 49666 0.019785 2.010310 1
800000 0.005000 103111 0.022145 1.913879 1
800000 0.005000 46554 0.017047 1.837971 1
800000 0.005000 43091 0.018968 1.941848 1
800000 0.005000 67891 0.021480 1.944525 1
800000 0.005000 197888 0.029442 1.865940 1
800000 0.005000 38124 0.016521 1.874112 1
800000 0.005000 29493 0.016072 1.832582 1
800000 0.005000 104549 0.022106 1.885753 1
800000 0.005000 49014 0.020062 1.928166 1
800000 0.005000 44692 0.015849 1.876620 1
800000 0.005000 41755 0.017591 1.897452 1
800000 0.005000 41546 0.017366 1.841518 1
800000 0.005000 38689 0.016545 2.002230 1
800000 0.005000 78335 0.020817 1.900515 1
800000 0.005000 45900 0.021967 1.852312 1
800000 0.005000 260303 0.037550 2.033175 1
800000 0.005000 37032 0.016353 2.002128 1
800000 0.005000 49865 0.019159 1.858186 1
800000 0.005000 51392 0.020851 2.004338 1
800000 0.005000 33217 0.015096 1.934984 1
800000 0.005000 42733 0.019831 1.903117 1
800000 0.005000 37106 0.018171 2.037660 1
800000 0.005000 36054 0.015721 1.995637 1
800000 0.005000 41726 0.019525 1.930803 1
800000 0.005000 37781 0.018500 1.996121 1
800000 0.005000 59302 0.019182 1.835897 1
800000 0.005000 56522 0.017495 1.864067 1
800000 0.005000 69377 0.022059 2.001268 1
800000 0.005000 66568 0.018049 2.014104 1
800000 0.005000 59147 0.023262 2.005728 1
800000 0.005000 50539 0.015688 1.868099 1
800000 0.010000 60624 0.018376 1.955641 1
800000 0.010000 89115 0.024151 1.858926 1
800000 0.010000 244891 0.034137 1.942056 1
800000 0.010000 79469 0.020172 2.006978 1
800000 0.010000 80685 0.019836 1.844397 1
800000 0.010000 52038 0.019749 1.836161 1
800000 0.010000 41383 0.017338 2.019415 1
800000 0.010000 96788 0.020070 1.963881 1
800000 0.010000 71722 0.018348 1.904897 1
800000 0.010000 77466 0.023233 1.875714 1
800000 0.010000 241321 0.038117 1.932849 1
800000 0.010000 76383 0.023093 2.017366 1
800000 0.010000 83893 0.024260 1.916886 1
800000 0.010000 233360 0.031621 1.946039 1
800000 0.010000 47421 0.018104 1.852497 1
800000 0.010000 34770 0.017359 2.002170 1
800000 0.010000 111965 0.022979 1.974837 1
800000 0.010000 167901 0.033183 1.888968 1
800000 0.010000 63377 0.023614 1.845673 1
800000 0.010000 48352 0.017194 1.851165 1
800000 0.010000 63990 0.020130 1.860072 1
800000 0.010000 49627 0.021676 1.931777 1
800000 0.010000 87607 0.026267 1.977910 1
800000 0.010000 57575 0.017608 1.938067 1
800000 0.010000 101974 0.022237 1.866723 1
800000 0.010000 51694 0.017248 2.006208 1
800000 0.010000 184665 0.021648 1.923189 1
800000 0.010000 40914 0.016510 2.011723 1
800000 0.010000 71062 0.019341 1.842307 1
800000 0.010000 44436 0.018956 1.874205 1
800000 0.010000 36944 0.018578 1.856970 1
800000 0.010000 47500 0.016113 2.002401 1
800000 0.010000 60287 0.021992 1.915863 1
800000 0.010000 96230 0.026586 2.007608 1
800000 0.010000 47720 0.017028 1.870186 1
800000 0.010000 71971 0.023475 2.023018 1
800000 0.010000 49559 0.014876 1.838785 1
800000 0.010000 53277 0.023110 2.022896 1
800000 0.010000 53623 0.019941 2.003447 1
800000 0.010000 91039 0.024710 1.860058 1
800000 0.010000 65067 0.022636 1.987784 1
800000 0.010000 84627 0.022525 1.919445 1
800000 0.010000 90375 0.024592 1.843181 1
800000 0.010000 63849 0.021801 1.973702 1
800000 0.010000 82363 0.021324 1.993764 1
800000 0.010000 86421 0.021664 1.963376 1
800000 0.010000 43297 0.021876 1.951672 1
800000 0.010000 194971 0.035037 1.976130 1
800000 0.010000 61496 0.021988 1.962223 1
800000 0.010000 107483 0.026839 1.949076 1
800000 0.050000 213666 0.032673 1.954167 1
800000 0.050000 86850 0.019651 1.856646 1
800000 0.050000 196642 0.031541 1.952411 1
800000 0.050000 217718 0.030768 1.924556 1
800000 0.050000 278492 0.039343 2.006027 1
800000 0.050000 198944 0.029434 1.888025 1
800000 0.050000 178782 0.032080 2.012520 1
800000 0.050000 240844 0.035675 2.012947 1
800000 0.050000 252410 0.027601 1.855970 1
800000 0.050000 143075 0.026305 1.880715 1
800000 0.050000 186972 0.028085 1.884568 1
800000 0.050000 189128 0.025654 1.853941 1
800000 0.050000 264868 0.031899 1.927992 1
800000 0.050000 92352 0.021035 1.862285 1
800000 0.050000 229742 0.030916 1.893572 1
800000 0.050000 318444 0.036938 1.865586 1
800000 0.050000 355243 0.039295 1.864197 1
800000 0.050000 189456 0.031293 1.972307 1
800000 0.050000 110567 0.019852 1.955651 1
800000 0.050000 139502 0.026839 1.882871 1
800000 0.050000 127337 0.026904 2.029715 1
800000 0.050000 96669 0.019947 1.942251 1
800000 0.050000 401301 0.053802 1.882000 1
800000 0.050000 174752 0.029460 1.969730 1
800000 0.050000 107485 0.023296 1.943548 1
800000 0.050000 178840 0.035140 1.993103 1
800000 0.050000 195601 0.031508 1.931590 1
800000 0.050000 96381 0.019770 1.918062 1
800000 0.050000 120911 0.025365 2.021277 1
800000 0.050000 116479 0.023480 2.013354 1
800000 0.050000 98975 0.023586 2.016334 1
800000 0.050000 291185 0.041236 2.024891 1
800000 0.050000 162706 0.032214 1.941961 1
800000 0.050000 151079 0.024338 1.860832 1
800000 0.050000 190164 0.025058 1.913479 1
800000 0.050000 313846 0.038850 1.893227 1
800000 0.050000 217002 0.033789 1.865414 1
800000 0.050000 129118 0.024560 1.864953 1
800000 0.050000 351868 0.043018 1.884029 1
800000 0.050000 143522 0.026875 1.911402 1
800000 0.050000 200746 0.032507 2.025375 1
800000 0.050000 265892 0.036310 1.955370 1
800000 0.050000 139258 0.022964 1.909548 1
800000 0.050000 111646 0.021657 1.916686 1
800000 0.050000 101273 0.020882 1.922630 1
800000 0.050000 117658 0.025143 1.951724 1
800000 0.050000 269259 0.035993 1.889184 1
800000 0.050000 78619 0.020303 1.952679 1
800000 0.050000 96947 0.021896 1.861006 1
800000 0.050000 239181 0.038057 1.861806 1
1200000 0.000100 28007 0.017904 2.517230 1
1200000 0.000100 30258 0.017620 2.515341 1
1200000 0.000100 20707 0.016921 2.443470 1
1200000 0.000100 66591 0.025299 2.472585 1
1200000 0.000100 18086 0.017529 2.513059 1
1200000 0.000100 16206 0.016940 2.434331 1
1200000 0.000100 13090 0.013588 2.508096 1
1200000 0.000100 16202 0.017468 2.518912 1
1200000 0.000100 26388 0.019328 2.467218 1
1200000 0.000100 22683 0.018358 2.450582 1
1200000 0.000100 20772 0.018287 2.518497 1
1200000 0.000100 41242 0.022649 2.528627 1
1200000 0.000100 32362 0.019936 2.483468 1
1200000 0.000100 15502 0.015397 2.509278 1
1200000 0.000100 35094 0.021135 2.515992 1
1200000 0.000100 48027 0.023124 2.461747 1
1200000 0.000100 29638 0.019619 2.458573 1
1200000 0.000100 5873 0.013121 2.503058 1
1200000 0.000100 33106 0.019958 2.511746 1
1200000 0.000100 5014 0.013096 2.504110 1
1200000 0.000100 24598 0.015633 2.443595 1
1200000 0.000100 50374 0.021849 2.465968 1
1200000 0.000100 13860 0.012631 2.443559 1
1200000 0.000100 25265 0.019133 2.518683 1
1200000 0.000100 37601 0.021336 2.514871 1
1200000 0.000100 30263 0.018990 2.511753 1
1200000 0.000100 16882 0.017121 2.509571 1
1200000 0.000100 65943 0.026683 2.483428 1
1200000 0.000100 17565 0.016153 2.432745 1
1200000 0.000100 30555 0.018128 2.520300 1
1200000 0.000100 14391 0.016783 2.514786 1
1200000 0.000100 20141 0.019064 2.448870 1
1200000 0.000100 68473 0.025246 2.464312 1
1200000 0.000100 25614 0.016481 2.518020 1
1200000 0.000100 49222 0.021448 2.449728 1
1200000 0.000100 46096 0.018479 2.447049 1
1200000 0.000100 38827 0.020183 2.450884 1
1200000 0.000100 58147 0.019443 2.459511 1
1200000 0.000100 34913 0.019340 2.472440 1
1200000 0.000100 22832 0.017882 2.459142 1
1200000 0.000100 23038 0.015843 2.503287 1
1200000 0.000100 38101 0.020587 2.501768 1
1200000 0.000100 27417 0.017624 2.443614 1
1200000 0.000100 64580 0.026696 2.441110 1
1200000 0.000100 35339 0.019643 2.458464 1
1200000 0.000100 36395 0.022603 2.507001 1
1200000 0.000100 64864 0.022879 2.462995 1
1200000 0.000100 11467 0.013289 2.502455 1
1200000 0.000100 18293 0.014890 2.445524 1
1200000 0.000100 34590 0.019369 2.447397 1
1200000 0.000500 32968 0.019355 2.513434 1
1200000 0.000500 32797 0.020478 2.518487 1
1200000 0.000500 33516 0.020972 2.457813 1
1200000 0.000500 36122 0.019099 2.437048 1
1200000 0.000500 30676 0.017698 2.433254 1
1200000 0.000500 29816 0.021246 2.449092 1
1200000 0.000500 64741 0.025950 2.513658 1
1200000 0.000500 44978 0.022941 2.503824 1
1200000 0.000500 60334 0.027611 2.474123 1
1200000 0.000500 45361 0.022204 2.451080 1
1200000 0.000500 112948 0.027509 2.506829 1
1200000 0.000500 54269 0.021107 2.441255 1
1200000 0.000500 51342 0.023016 2.454773 1
1200000 0.000500 39271 0.021864 2.443800 1
1200000 0.000500 49666 0.023593 2.509987 1
1200000 0.000500 70152 0.026818 2.449791 1
1200000 0.000500 58098 0.025056 2.451805 1
1200000 0.000500 29390 0.019112 2.508120 1
1200000 0.000500 36888 0.022655 2.498385 1
1200000 0.000500 27351 0.017960 2.496257 1
1200000 0.000500 38778 0.019362 2.426456 1
1200000 0.000500 42850 0.022931 2.435432 1
1200000 0.000500 53754 0.022623 2.462132 1
1200000 0.000500 26270 0.017743 2.504923 1
1200000 0.000500 41354 0.018520 2.449601 1
1200000 0.000500 43114 0.019237 2.458885 1
1200000 0.000500 57716 0.022159 2.502902 1
1200000 0.000500 28226 0.017475 2.434857 1
1200000 0.000500 15184 0.015903 2.500839 1
1200000 0.000500 26444 0.017747 2.450069 1
1200000 0.000500 34633 0.021135 2.513320 1
1200000 0.000500 31581 0.017662 2.507117 1
1200000 0.000500 34275 0.021232 2.442854 1
1200000 0.000500 45294 0.024686 2.524106 1
1200000 0.000500 45679 0.020714 2.455355 1
1200000 0.000500 60169 0.020842 2.498040 1
1200000 0.000500 28822 0.020878 2.473666 1
1200000 0.000500 73151 0.019067 2.461156 1
1200000 0.000500 44255 0.024458 2.443699 1
1200000 0.000500 70995 0.025829 2.447734 1
1200000 0.000500 30250 0.020762 2.514289 1
1200000 0.000500 45591 0.022601 2.515170 1
1200000 0.000500 41031 0.021276 2.456217 1
1200000 0.000500 48194 0.022001 2.463181 1
1200000 0.000500 53802 0.026372 2.517492 1
1200000 0.000500 24634 0.017406 2.453777 1
1200000 0.000500 46293 0.021372 2.451036 1
1200000 0.000500 28181 0.021019 2.510009 1
1200000 0.000500 25356 0.015616 2.451154 1
1200000 0.000500 50428 0.020645 2.514057 1
1200000 0.001000 45281 0.018580 2.460685 1
1200000 0.001000 43588 0.023405 2.438648 1
1200000 0.001000 111460 0.022165 2.511582 1
1200000 0.001000 85402 0.027801 2.464646 1
1200000 0.001000 41977 0.020614 2.504287 1
1200000 0.001000 33627 0.019310 2.513813 1
1200000 0.001000 42715 0.022544 2.508908 1
1200000 0.001000 52121 0.023005 2.446644 1
1200000 0.001000 63788 0.022192 2.432885 1
1200000 0.001000 44326 0.021163 2.502827 1
1200000 0.001000 39472 0.020376 2.510144 1
1200000 0.001000 61211 0.023634 2.510469 1
1200000 0.001000 51239 0.019416 2.428400 1
1200000 0.001000 64287 0.026059 2.461144 1
1200000 0.001000 44491 0.020912 2.446160 1
1200000 0.001000 36987 0.017208 2.498497 1
1200000 0.001000 64234 0.023809 2.510845 1
1200000 0.001000 38745 0.019641 2.455862 1
1200000 0.001000 45704 0.023467 2.507203 1
1200000 0.001000 60662 0.024278 2.453878 1
1200000 0.001000 45493 0.021251 2.430039 1
1200000 0.001000 37671 0.021196 2.465020 1
1200000 0.001000 65946 0.025565 2.510462 1
1200000 0.001000 35157 0.018133 2.426081 1
1200000 0.001000 39452 0.020533 2.501734 1
1200000 0.001000 26082 0.018010 2.507880 1
1200000 0.001000 53658 0.021080 2.440950 1
1200000 0.001000 66903 0.024426 2.445876 1
1200000 0.001000 37194 0.017796 2.500242 1
1200000 0.001000 34699 0.018986 2.499194 1
1200000 0.001000 45400 0.021710 2.500889 1
1200000 0.001000 30538 0.022004 2.447196 1
1200000 0.001000 17849 0.017219 2.435353 1
1200000 0.001000 39679 0.023362 2.509040 1
1200000 0.001000 55030 0.020946 2.507079 1
1200000 0.001000 51466 0.021040 2.449796 1
1200000 0.001000 62805 0.027225 2.449220 1
1200000 0.001000 48008 0.024113 2.445850 1
1200000 0.001000 25301 0.017342 2.447270 1
1200000 0.001000 32818 0.019920 2.504841 1
1200000 0.001000 79855 0.026043 2.503316 1
1200000 0.001000 74457 0.025930 2.478870 1
1200000 0.001000 81974 0.027879 2.505252 1
1200000 0.001000 39998 0.021931 2.496587 1
1200000 0.001000 27467 0.018530 2.505387 1
1200000 0.001000 62884 0.027365 2.508565 1
1200000 0.001000 37597 0.023552 2.518016 1
1200000 0.001000 62692 0.022567 2.507157 1
1200000 0.001000 41103 0.022692 2.522208 1
1200000 0.001000 44224 0.020034 2.497728 1
1200000 0.005000 102017 0.027635 2.439747 1
1200000 0.005000 134781 0.025926 2.513429 1
1200000 0.005000 57852 0.020285 2.449308 1
1200000 0.005000 56744 0.023113 2.448476 1
1200000 0.005000 105364 0.027208 2.450325 1
1200000 0.005000 253862 0.037089 2.526309 1
1200000 0.005000 46206 0.021451 2.443537 1
1200000 0.005000 44996 0.018541 2.515840 1
1200000 0.005000 54442 0.018814 2.510118 1
1200000 0.005000 302590 0.038275 2.468008 1
1200000 0.005000 102134 0.025280 2.519124 1
1200000 0.005000 68089 0.025528 2.524322 1
1200000 0.005000 39012 0.020700 2.464451 1
1200000 0.005000 150467 0.027574 2.469306 1
1200000 0.005000 55848 0.022601 2.445531 1
1200000 0.005000 334042 0.037837 2.537555 1
1200000 0.005000 82834 0.027255 2.527356 1
1200000 0.005000 135654 0.027288 2.461491 1
1200000 0.005000 188209 0.029764 2.477723 1
1200000 0.005000 108894 0.025745 2.514539 1
1200000 0.005000 81105 0.025826 2.516564 1
1200000 0.005000 66735 0.019087 2.449382 1
1200000 0.005000 74044 0.024287 2.448041 1
1200000 0.005000 90289 0.028896 2.470339 1
1200000 0.005000 78810 0.029230 2.507357 1
1200000 0.005000 273211 0.037253 2.476896 1
1200000 0.005000 62847 0.021937 2.513011 1
1200000 0.005000 54677 0.022625 2.463569 1
1200000 0.005000 120191 0.028620 2.450757 1
1200000 0.005000 52929 0.018350 2.476813 1
1200000 0.005000 771635 0.083278 2.504803 1
1200000 0.005000 86743 0.026849 2.515618 1
1200000 0.005000 34705 0.020748 2.517835 1
1200000 0.005000 70516 0.025648 2.463584 1
1200000 0.005000 50868 0.021133 2.449402 1
1200000 0.005000 72561 0.022697 2.460955 1
1200000 0.005000 47294 0.023743 2.447911 1
1200000 0.005000 66371 0.024280 2.521103 1
1200000 0.005000 53217 0.020969 2.523385 1
1200000 0.005000 38247 0.020892 2.511024 1
1200000 0.005000 55130 0.021299 2.471390 1
1200000 0.005000 70348 0.026891 2.450144 1
1200000 0.005000 72024 0.029255 2.510598 1
1200000 0.005000 252849 0.032158 2.527095 1
1200000 0.005000 42280 0.022204 2.472656 1
1200000 0.005000 62855 0.027658 2.527395 1
1200000 0.005000 54998 0.022026 2.521736 1
1200000 0.005000 59473 0.019872 2.462604 1
1200000 0.005000 120213 0.023616 2.457510 1
1200000 0.005000 60773 0.022244 2.438821 1
1200000 0.010000 99555 0.025225 2.456932 1
1200000 0.010000 120526 0.026769 2.454046 1
1200000 0.010000 69379 0.023668 2.505957 1
1200000 0.010000 112242 0.027322 2.453950 1
1200000 0.010000 148348 0.026182 2.513564 1
1200000 0.010000 130957 0.026725 2.461304 1
1200000 0.010000 279622 0.041512 2.519243 1
1200000 0.010000 111905 0.030432 2.466244 1
1200000 0.010000 66423 0.020129 2.447613 1
1200000 0.010000 648122 0.073405 2.510556 1
1200000 0.010000 76069 0.024268 2.461973 1
1200000 0.010000 124456 0.025128 2.451975 1
1200000 0.010000 196919 0.027206 2.513857 1
1200000 0.010000 218069 0.036188 2.518832 1
1200000 0.010000 91104 0.023915 2.505792 1
1200000 0.010000 604874 0.074219 2.552263 1
1200000 0.010000 209607 0.034806 2.464502 1
1200000 0.010000 118336 0.028369 2.512871 1
1200000 0.010000 119016 0.027051 2.468139 1
1200000 0.010000 108107 0.028673 2.513645 1
1200000 0.010000 52146 0.024308 2.444584 1
1200000 0.010000 90502 0.022124 2.502842 1
1200000 0.010000 270695 0.033613 2.462401 1
1200000 0.010000 80382 0.024782 2.498794 1
1200000 0.010000 102238 0.027106 2.512334 1
1200000 0.010000 94438 0.026737 2.429292 1
1200000 0.010000 72571 0.025272 2.511388 1
1200000 0.010000 56720 0.021813 2.426674 1
1200000 0.010000 89634 0.030653 2.509455 1
1200000 0.010000 92761 0.028296 2.446288 1
1200000 0.010000 108320 0.026748 2.509211 1
1200000 0.010000 74171 0.026650 2.515244 1
1200000 0.010000 94074 0.026986 2.519514 1
1200000 0.010000 214487 0.027129 2.455095 1
1200000 0.010000 75180 0.025765 2.522365 1
1200000 0.010000 306333 0.039758 2.480964 1
1200000 0.010000 254740 0.034574 2.478239 1
1200000 0.010000 68270 0.027569 2.516114 1
1200000 0.010000 110861 0.027451 2.506384 1
1200000 0.010000 426821 0.047882 2.549304 1
1200000 0.010000 92293 0.026774 2.511810 1
1200000 0.010000 94099 0.024649 2.460310 1
1200000 0.010000 129083 0.030544 2.460841 1
1200000 0.010000 56182 0.019956 2.453701 1
1200000 0.010000 640480 0.072731 2.495579 1
1200000 0.010000 101662 0.030889 2.462196 1
1200000 0.010000 87581 0.027491 2.527807 1
1200000 0.010000 98974 0.024892 2.465890 1
1200000 0.010000 67520 0.024289 2.458673 1
1200000 0.010000 135150 0.025657 2.466002 1
1200000 0.050000 294761 0.034380 2.463774 1
1200000 0.050000 340901 0.040027 2.472269 1
1200000 0.050000 351903 0.039984 2.480263 1
1200000 0.050000 450227 0.046082 2.474467 1
1200000 0.050000 138249 0.028865 2.519887 1
1200000 0.050000 374855 0.049528 2.543815 1
1200000 0.050000 310884 0.042649 2.536046 1
1200000 0.050000 253731 0.033407 2.478169 1
1200000 0.050000 762996 0.085533 2.577109 1
1200000 0.050000 231300 0.034231 2.469428 1
1200000 0.050000 590193 0.068754 2.565434 1
1200000 0.050000 227073 0.035369 2.466509 1
1200000 0.050000 185416 0.024517 2.464847 1
1200000 0.050000 119276 0.025793 2.472629 1
1200000 0.050000 125045 0.028581 2.521717 1
1200000 0.050000 365982 0.039733 2.527446 1
1200000 0.050000 186918 0.030421 2.462377 1
1200000 0.050000 413022 0.043284 2.549429 1
1200000 0.050000 156714 0.030522 2.529586 1
1200000 0.050000 244584 0.037305 2.461984 1
1200000 0.050000 126367 0.030102 2.450559 1
1200000 0.050000 153036 0.027705 2.450196 1
1200000 0.050000 198807 0.033223 2.460126 1
1200000 0.050000 139567 0.026917 2.469633 1
1200000 0.050000 317310 0.038114 2.536241 1
1200000 0.050000 369820 0.042024 2.542460 1
1200000 0.050000 261324 0.033356 2.531920 1
1200000 0.050000 452064 0.046109 2.477902 1
1200000 0.050000 215320 0.037591 2.519695 1
1200000 0.050000 706964 0.081475 2.495530 1
1200000 0.050000 235564 0.030174 2.454566 1
1200000 0.050000 244705 0.033277 2.454169 1
1200000 0.050000 338968 0.042138 2.461127 1
1200000 0.050000 175562 0.027158 2.447781 1
1200000 0.050000 286064 0.033026 2.442788 1
1200000 0.050000 599260 0.074502 2.543025 1
1200000 0.050000 206838 0.029444 2.462374 1
1200000 0.050000 239262 0.035953 2.442769 1
1200000 0.050000 179982 0.025952 2.514320 1
1200000 0.050000 334465 0.039797 2.464848 1
1200000 0.050000 366568 0.041342 2.479011 1
1200000 0.050000 486576 0.062100 2.492523 1
1200000 0.050000 425822 0.050657 2.477205 1
1200000 0.050000 210661 0.034233 2.528776 1
1200000 0.050000 333790 0.038627 2.481291 1
1200000 0.050000 551315 0.067562 2.483618 1
1200000 0.050000 244858 0.034043 2.452808 1
1200000 0.050000 418264 0.043855 2.487263 1
1200000 0.050000 173090 0.029102 2.516663 1
1200000 0.050000 506855 0.069812 2.559652 1
1600000 0.000100 53709 0.023437 2.962016 1
1600000 0.000100 66171 0.024719 2.964470 1
1600000 0.000100 43422 0.022309 2.953805 1
1600000 0.000100 48176 0.025575 3.024077 1
1600000 0.000100 79964 0.028157 2.963205 1
1600000 0.000100 59373 0.024799 2.961564 1
1600000 0.000100 40914 0.021155 2.972979 1
1600000 0.000100 37523 0.023647 2.978158 1
1600000 0.000100 55240 0.026869 2.959035 1
1600000 0.000100 24952 0.019186 2.962826 1
1600000 0.000100 8061 0.014953 2.953974 1
1600000 0.000100 30792 0.020918 3.025370 1
1600000 0.000100 51338 0.023190 2.963443 1
1600000 0.000100 68595 0.028376 3.049616 1
1600000 0.000100 58676 0.024413 2.959425 1
1600000 0.000100 65074 0.026450 2.959775 1
1600000 0.000100 24759 0.019904 3.024831 1
1600000 0.000100 44000 0.022962 2.954752 1
1600000 0.000100 45974 0.025042 3.026686 1
1600000 0.000100 45560 0.024030 2.960403 1
1600000 0.000100 35885 0.023937 2.962675 1
1600000 0.000100 19442 0.021147 2.949207 1
1600000 0.000100 50877 0.024783 2.963703 1
1600000 0.000100 20702 0.020936 2.952891 1
1600000 0.000100 46427 0.024944 3.041369 1
1600000 0.000100 23493 0.018931 3.032095 1
1600000 0.000100 39678 0.024579 3.029572 1
1600000 0.000100 22913 0.020407 2.968345 1
1600000 0.000100 18220 0.016149 2.961774 1
1600000 0.000100 34569 0.020407 2.962298 1
1600000 0.000100 43743 0.021999 2.969545 1
1600000 0.000100 25239 0.023197 2.957625 1
1600000 0.000100 61722 0.024499 3.044522 1
1600000 0.000100 59462 0.029501 2.977653 1
1600000 0.000100 35918 0.020313 2.968929 1
1600000 0.000100 58104 0.022697 2.959537 1
1600000 0.000100 58876 0.024233 3.025994 1
1600000 0.000100 21255 0.019059 2.971682 1
1600000 0.000100 55211 0.024042 2.970243 1
1600000 0.000100 37986 0.023683 2.973777 1
1600000 0.000100 40038 0.025395 2.958001 1
1600000 0.000100 35769 0.019102 2.967661 1
1600000 0.000100 13597 0.016325 2.978473 1
1600000 0.000100 56233 0.023339 2.975080 1
1600000 0.000100 49114 0.023045 2.965612 1
1600000 0.000100 59771 0.023921 2.962492 1
1600000 0.000100 63758 0.028175 2.964855 1
1600000 0.000100 30973 0.020138 2.886652 1
1600000 0.000100 54348 0.026219 3.040794 1
1600000 0.000100 22116 0.018706 3.017718 1
1600000 0.000500 64385 0.024443 3.022859 1
1600000 0.000500 43096 0.025110 3.025095 1
1600000 0.000500 46566 0.023686 2.963994 1
1600000 0.000500 30496 0.022366 3.036162 1
1600000 0.000500 56423 0.026464 2.963207 1
1600000 0.000500 55744 0.023193 2.951729 1
1600000 0.000500 30075 0.022500 3.037663 1
1600000 0.000500 57011 0.025437 2.957733 1
1600000 0.000500 79931 0.027868 2.973108 1
1600000 0.000500 93659 0.029829 2.972735 1
1600000 0.000500 39669 0.018588 2.951864 1
1600000 0.000500 28559 0.021110 2.949105 1
1600000 0.000500 62838 0.027007 3.040775 1
1600000 0.000500 56723 0.025079 3.022871 1
1600000 0.000500 52971 0.022700 2.958788 1
1600000 0.000500 47402 0.025904 2.956053 1
1600000 0.000500 37189 0.024811 3.028994 1
1600000 0.000500 30697 0.020263 2.945046 1
1600000 0.000500 51004 0.022891 2.948878 1
1600000 0.000500 37519 0.024497 2.963832 1
1600000 0.000500 73681 0.029047 2.968076 1
1600000 0.000500 50225 0.026399 2.961303 1
1600000 0.000500 51803 0.025830 2.958293 1
1600000 0.000500 39224 0.024508 2.966284 1
1600000 0.000500 88453 0.028736 2.972855 1
1600000 0.000500 39057 0.024167 2.966973 1
1600000 0.000500 60978 0.025517 2.964197 1
1600000 0.000500 63627 0.031152 2.982062 1
1600000 0.000500 63326 0.027810 2.962289 1
1600000 0.000500 61103 0.027315 2.961605 1
1600000 0.000500 45283 0.024899 2.962201 1
1600000 0.000500 38172 0.022367 2.957385 1
1600000 0.000500 46536 0.028150 3.039137 1
1600000 0.000500 37247 0.026038 2.952592 1
1600000 0.000500 62056 0.026756 2.960578 1
1600000 0.000500 42259 0.027313 2.967862 1
1600000 0.000500 59983 0.027381 2.961093 1
1600000 0.000500 16102 0.017286 2.959213 1
1600000 0.000500 62848 0.025667 2.900859 1
1600000 0.000500 35601 0.024729 2.963428 1
1600000 0.000500 74766 0.028976 3.058728 1
1600000 0.000500 57168 0.029211 3.045610 1
1600000 0.000500 49589 0.027122 3.047797 1
1600000 0.000500 75923 0.029346 3.041736 1
1600000 0.000500 39681 0.025872 2.985044 1
1600000 0.000500 52621 0.023166 2.967608 1
1600000 0.000500 26134 0.020287 2.976299 1
1600000 0.000500 67721 0.024050 2.969799 1
1600000 0.000500 39039 0.022744 2.976758 1
1600000 0.000500 56403 0.023902 2.970327 1
1600000 0.001000 51543 0.025171 3.043398 1
1600000 0.001000 33286 0.021901 2.968974 1
1600000 0.001000 59381 0.023599 2.906491 1
1600000 0.001000 61619 0.029348 3.052121 1
1600000 0.001000 68227 0.033534 2.979989 1
1600000 0.001000 67066 0.024975 2.981072 1
1600000 0.001000 44448 0.023214 3.050494 1
1600000 0.001000 70980 0.025807 3.048101 1
1600000 0.001000 97803 0.033028 2.974727 1
1600000 0.001000 49091 0.025370 2.976330 1
1600000 0.001000 110982 0.031237 2.989969 1
1600000 0.001000 70418 0.025210 2.978886 1
1600000 0.001000 85754 0.030468 2.969293 1
1600000 0.001000 26730 0.023396 3.022991 1
1600000 0.001000 44413 0.022067 2.970471 1
1600000 0.001000 60764 0.025692 2.971654 1
1600000 0.001000 39142 0.021638 2.967539 1
1600000 0.001000 113156 0.029608 2.974012 1
1600000 0.001000 50181 0.023764 2.971406 1
1600000 0.001000 54870 0.027165 2.890090 1
1600000 0.001000 57396 0.026163 2.968083 1
1600000 0.001000 86140 0.028836 2.972061 1
1600000 0.001000 51114 0.027790 2.962065 1
1600000 0.001000 63508 0.023639 2.966955 1
1600000 0.001000 42205 0.023044 2.969707 1
1600000 0.001000 50534 0.025589 2.964010 1
1600000 0.001000 33960 0.022483 2.969544 1
1600000 0.001000 108326 0.028922 2.964843 1
1600000 0.001000 55380 0.025458 3.035369 1
1600000 0.001000 106723 0.029024 2.964550 1
1600000 0.001000 69974 0.031228 3.040021 1
1600000 0.001000 77421 0.032094 2.961396 1
1600000 0.001000 47784 0.021320 2.980981 1
1600000 0.001000 70140 0.031542 3.039607 1
1600000 0.001000 62209 0.024427 2.979315 1
1600000 0.001000 49653 0.022439 2.965646 1
1600000 0.001000 106837 0.024475 2.985709 1
1600000 0.001000 38355 0.024217 2.954796 1
1600000 0.001000 36566 0.025501 2.978449 1
1600000 0.001000 85900 0.030969 3.043730 1
1600000 0.001000 87537 0.028779 2.975858 1
1600000 0.001000 46553 0.022997 2.954810 1
1600000 0.001000 98959 0.033264 2.974053 1
1600000 0.001000 15128 0.017338 2.950762 1
1600000 0.001000 60992 0.026754 2.961381 1
1600000 0.001000 56481 0.025032 2.961149 1
1600000 0.001000 58653 0.024992 2.966854 1
1600000 0.001000 52366 0.024121 2.959863 1
1600000 0.001000 50892 0.028781 2.978623 1
1600000 0.001000 66091 0.026993 2.893715 1
1600000 0.005000 109358 0.029918 2.979117 1
1600000 0.005000 136243 0.028453 3.046322 1
1600000 0.005000 95384 0.029794 3.046652 1
1600000 0.005000 104033 0.036750 3.041445 1
1600000 0.005000 131588 0.024946 3.027875 1
1600000 0.005000 110689 0.032258 2.970674 1
1600000 0.005000 52234 0.022596 3.028027 1
1600000 0.005000 152379 0.029861 2.978059 1
1600000 0.005000 68379 0.029434 3.039788 1
1600000 0.005000 287047 0.034901 2.973428 1
1600000 0.005000 112400 0.032315 2.979338 1
1600000 0.005000 90195 0.022879 2.961101 1
1600000 0.005000 57365 0.022197 3.042557 1
1600000 0.005000 77275 0.024077 2.956673 1
1600000 0.005000 76152 0.027897 2.975316 1
1600000 0.005000 55146 0.021712 2.977680 1
1600000 0.005000 65332 0.028544 3.032983 1
1600000 0.005000 256069 0.041012 2.990085 1
1600000 0.005000 80247 0.030891 3.030420 1
1600000 0.005000 88178 0.026967 2.980571 1
1600000 0.005000 87168 0.030050 3.030158 1
1600000 0.005000 54364 0.025396 3.032795 1
1600000 0.005000 78921 0.025429 3.032410 1
1600000 0.005000 91633 0.029858 2.962262 1
1600000 0.005000 86286 0.027783 3.030775 1
1600000 0.005000 53912 0.022704 2.960162 1
1600000 0.005000 71522 0.025728 2.890603 1
1600000 0.005000 109150 0.027001 2.959167 1
1600000 0.005000 142199 0.030637 2.966061 1
1600000 0.005000 52636 0.023895 2.957182 1
1600000 0.005000 89811 0.029584 2.967608 1
1600000 0.005000 66245 0.025340 2.974841 1
1600000 0.005000 191979 0.034548 2.902295 1
1600000 0.005000 243753 0.038534 2.983432 1
1600000 0.005000 118713 0.031567 2.971451 1
1600000 0.005000 178017 0.035370 2.969220 1
1600000 0.005000 85658 0.029157 2.967640 1
1600000 0.005000 74588 0.026352 2.959619 1
1600000 0.005000 73741 0.026749 2.986636 1
1600000 0.005000 100724 0.029385 2.978078 1
1600000 0.005000 137096 0.032689 2.993242 1
1600000 0.005000 104782 0.029446 2.993245 1
1600000 0.005000 214471 0.035054 3.052817 1
1600000 0.005000 178457 0.033910 2.977379 1
1600000 0.005000 130500 0.032313 2.982277 1
1600000 0.005000 79841 0.028445 2.981928 1
1600000 0.005000 93282 0.033440 3.046018 1
1600000 0.005000 82691 0.027413 2.974051 1
1600000 0.005000 69000 0.023740 2.976306 1
1600000 0.005000 157017 0.032862 2.910967 1
1600000 0.010000 197918 0.037612 2.990780 1
1600000 0.010000 163388 0.029341 2.982372 1
1600000 0.010000 154238 0.034322 2.978085 1
1600000 0.010000 177030 0.030463 2.978231 1
1600000 0.010000 71787 0.027865 2.981640 1
1600000 0.010000 176694 0.034393 3.051645 1
1600000 0.010000 92618 0.023722 3.042125 1
1600000 0.010000 192468 0.032800 2.979157 1
1600000 0.010000 88315 0.029571 2.988696 1
1600000 0.010000 70770 0.026302 2.979893 1
1600000 0.010000 118169 0.027658 2.983638 1
1600000 0.010000 71631 0.028618 2.979126 1
1600000 0.010000 136225 0.031408 3.040015 1
1600000 0.010000 152745 0.033510 2.982814 1
1600000 0.010000 146744 0.029953 3.048141 1
1600000 0.010000 147414 0.032796 2.983362 1
1600000 0.010000 714036 0.070366 3.095662 1
1600000 0.010000 428433 0.051513 2.996999 1
1600000 0.010000 130100 0.030513 2.915563 1
1600000 0.010000 135113 0.027733 2.973706 1
1600000 0.010000 128747 0.026161 2.909746 1
1600000 0.010000 182438 0.038925 2.988051 1
1600000 0.010000 129672 0.033127 2.969534 1
1600000 0.010000 60969 0.024968 3.047892 1
1600000 0.010000 116995 0.031131 2.970204 1
1600000 0.010000 257277 0.040050 2.989179 1
1600000 0.010000 171319 0.032182 2.973243 1
1600000 0.010000 154791 0.029745 2.971088 1
1600000 0.010000 266306 0.038766 2.974428 1
1600000 0.010000 451707 0.047229 2.989094 1
1600000 0.010000 121077 0.027760 2.965972 1
1600000 0.010000 163283 0.029948 2.972062 1
1600000 0.010000 196683 0.028488 2.967435 1
1600000 0.010000 189263 0.031565 2.972607 1
1600000 0.010000 293792 0.037778 3.047341 1
1600000 0.010000 67336 0.020550 3.035268 1
1600000 0.010000 260667 0.041057 2.982189 1
1600000 0.010000 121219 0.032680 2.986550 1
1600000 0.010000 157972 0.032510 2.973842 1
1600000 0.010000 60069 0.022584 2.970031 1
1600000 0.010000 82889 0.024280 2.972639 1
1600000 0.010000 169045 0.035526 2.987493 1
1600000 0.010000 469232 0.051317 3.001505 1
1600000 0.010000 142307 0.031376 3.058690 1
1600000 0.010000 142306 0.032329 2.972342 1
1600000 0.010000 127965 0.034233 3.047416 1
1600000 0.010000 69949 0.026223 2.971228 1
1600000 0.010000 669240 0.075031 3.021344 1
1600000 0.010000 116505 0.029890 2.978229 1
1600000 0.010000 141952 0.029693 2.960422 1
1600000 0.050000 595663 0.058076 2.999733 1
1600000 0.050000 256326 0.041958 3.050444 1
1600000 0.050000 261865 0.032971 2.977392 1
1600000 0.050000 244220 0.033753 2.975111 1
1600000 0.050000 561678 0.059625 3.001792 1
1600000 0.050000 977148 0.093768 3.043882 1
1600000 0.050000 198437 0.034486 2.981429 1
1600000 0.050000 380519 0.045010 2.972172 1
1600000 0.050000 1174160 0.106552 3.038268 1
1600000 0.050000 250722 0.041496 2.987888 1
1600000 0.050000 978149 0.093273 3.104280 1
1600000 0.050000 339119 0.042630 2.993312 1
1600000 0.050000 410866 0.046586 2.920710 1
1600000 0.050000 1109276 0.101587 3.038547 1
1600000 0.050000 319706 0.044944 2.989067 1
1600000 0.050000 469002 0.053628 2.996728 1
1600000 0.050000 653874 0.072034 3.096323 1
1600000 0.050000 374859 0.046544 3.010400 1
1600000 0.050000 259739 0.037350 2.988920 1
1600000 0.050000 348539 0.046880 3.002797 1
1600000 0.050000 300991 0.046723 2.994273 1
1600000 0.050000 209377 0.031099 3.053453 1
1600000 0.050000 146180 0.032269 2.983241 1
1600000 0.050000 266179 0.038496 2.984313 1
1600000 0.050000 397119 0.042515 2.992610 1
1600000 0.050000 181888 0.033168 2.976330 1
1600000 0.050000 544840 0.055899 3.013964 1
1600000 0.050000 213320 0.033688 3.056243 1
1600000 0.050000 404932 0.050499 2.927969 1
1600000 0.050000 162581 0.034594 2.982704 1
1600000 0.050000 223093 0.043665 2.983538 1
1600000 0.050000 584789 0.053981 3.003137 1
1600000 0.050000 407112 0.041617 3.043622 1
1600000 0.050000 469789 0.047936 2.992940 1
1600000 0.050000 403445 0.044355 2.978330 1
1600000 0.050000 230591 0.037796 3.046343 1
1600000 0.050000 882192 0.086167 2.973469 1
1600000 0.050000 195040 0.030547 2.969894 1
1600000 0.050000 357409 0.043004 2.996657 1
1600000 0.050000 439407 0.051353 2.930693 1
1600000 0.050000 615248 0.071903 3.069216 1
1600000 0.050000 1025628 0.094019 3.106755 1
1600000 0.050000 494613 0.049136 3.000951 1
1600000 0.050000 248545 0.032838 2.988703 1
1600000 0.050000 620853 0.071075 3.018692 1
1600000 0.050000 363255 0.047326 2.999946 1
1600000 0.050000 243443 0.038241 3.049733 1
1600000 0.050000 177374 0.031556 2.981596 1
1600000 0.050000 236717 0.036079 2.981385 1
1600000 0.050000 166285 0.031780 3.057486 1
2000000 0.000100 33061 0.025301 3.418760 1
2000000 0.000100 37928 0.024380 3.417391 1
2000000 0.000100 63761 0.029224 3.413678 1
2000000 0.000100 23251 0.023443 3.414581 1
2000000 0.000100 44567 0.026085 3.424206 1
2000000 0.000100 78015 0.033183 3.419993 1
2000000 0.000100 60947 0.029747 3.419488 1
2000000 0.000100 63896 0.029486 3.426214 1
2000000 0.000100 63860 0.027541 3.413956 1
2000000 0.000100 69746 0.030332 3.449679 1
2000000 0.000100 55872 0.033959 3.423787 1
2000000 0.000100 53218 0.028276 3.427772 1
2000000 0.000100 32127 0.024559 3.416819 1
2000000 0.000100 15614 0.022508 3.419621 1
2000000 0.000100 34625 0.027936 3.430583 1
2000000 0.000100 83490 0.029671 3.423872 1
2000000 0.000100 59341 0.028891 3.429711 1
2000000 0.000100 34287 0.028644 3.425083 1
2000000 0.000100 23700 0.022965 3.423667 1
2000000 0.000100 68706 0.030482 3.432940 1
2000000 0.000100 73521 0.036373 3.437483 1
2000000 0.000100 63782 0.030586 3.428675 1
2000000 0.000100 53953 0.029158 3.433887 1
2000000 0.000100 57120 0.030023 3.430921 1
2000000 0.000100 56265 0.027037 3.441031 1
2000000 0.000100 249954 0.038487 3.433623 1
2000000 0.000100 65997 0.032243 3.432869 1
2000000 0.000100 36169 0.024332 3.424829 1
2000000 0.000100 49741 0.027985 3.427280 1
2000000 0.000100 48022 0.025238 3.415575 1
2000000 0.000100 45241 0.027776 3.428083 1
2000000 0.000100 32278 0.025769 3.429254 1
2000000 0.000100 47065 0.027848 3.425629 1
2000000 0.000100 47700 0.025607 3.422692 1
2000000 0.000100 68264 0.032239 3.424114 1
2000000 0.000100 23416 0.021658 3.414908 1
2000000 0.000100 28843 0.026731 3.409721 1
2000000 0.000100 81811 0.034824 3.422458 1
2000000 0.000100 21361 0.020606 3.407116 1
2000000 0.000100 66143 0.026100 3.413397 1
2000000 0.000100 44757 0.026108 3.410077 1
2000000 0.000100 26784 0.023420 3.412599 1
2000000 0.000100 48119 0.023250 3.412286 1
2000000 0.000100 42336 0.029100 3.412475 1
2000000 0.000100 48893 0.027807 3.416598 1
2000000 0.000100 54955 0.028329 3.412445 1
2000000 0.000100 91189 0.034999 3.420415 1
2000000 0.000100 67858 0.031562 3.414800 1
2000000 0.000100 14956 0.021826 3.408527 1
2000000 0.000100 32175 0.024207 3.413873 1
2000000 0.000500 56001 0.027279 3.416162 1
2000000 0.000500 90596 0.031840 3.411555 1
2000000 0.000500 91764 0.027431 3.413993 1
2000000 0.000500 73340 0.031597 3.414417 1
2000000 0.000500 83286 0.036841 3.425149 1
2000000 0.000500 78353 0.031067 3.419355 1
2000000 0.000500 45279 0.028891 3.415201 1
2000000 0.000500 47603 0.027595 3.416517 1
2000000 0.000500 70156 0.029057 3.417119 1
2000000 0.000500 56820 0.030021 3.414965 1
2000000 0.000500 57295 0.031329 3.439883 1
2000000 0.000500 63996 0.031572 3.436884 1
2000000 0.000500 73325 0.029396 3.425615 1
2000000 0.000500 56838 0.030839 3.432048 1
2000000 0.000500 72663 0.036664 3.437349 1
2000000 0.000500 44999 0.026416 3.427262 1
2000000 0.000500 240905 0.039836 3.437164 1
2000000 0.000500 70579 0.029131 3.432949 1
2000000 0.000500 239863 0.041655 3.444773 1
2000000 0.000500 72673 0.031687 3.433911 1
2000000 0.000500 61508 0.031378 3.431852 1
2000000 0.000500 116542 0.030656 3.434683 1
2000000 0.000500 59700 0.027645 3.437590 1
2000000 0.000500 37257 0.027240 3.428570 1
2000000 0.000500 64311 0.029398 3.429258 1
2000000 0.000500 62687 0.031633 3.430455 1
2000000 0.000500 118305 0.036965 3.442994 1
2000000 0.000500 71856 0.027600 3.424514 1
2000000 0.000500 74352 0.027089 3.428648 1
2000000 0.000500 70983 0.031550 3.433769 1
2000000 0.000500 67635 0.027306 3.431281 1
2000000 0.000500 69692 0.028240 3.423051 1
2000000 0.000500 62382 0.031334 3.434147 1
2000000 0.000500 120988 0.030878 3.433322 1
2000000 0.000500 101959 0.034226 3.436461 1
2000000 0.000500 85474 0.034149 3.427885 1
2000000 0.000500 76348 0.031174 3.431714 1
2000000 0.000500 56531 0.031479 3.430853 1
2000000 0.000500 75132 0.035415 3.440754 1
2000000 0.000500 46967 0.028560 3.430468 1
2000000 0.000500 60933 0.031811 3.429820 1
2000000 0.000500 61421 0.030163 3.430871 1
2000000 0.000500 51390 0.029773 3.429475 1
2000000 0.000500 37675 0.025254 3.428404 1
2000000 0.000500 45396 0.028293 3.425705 1
2000000 0.000500 44017 0.024876 3.415600 1
2000000 0.000500 48696 0.025484 3.420209 1
2000000 0.000500 52329 0.025951 3.411595 1
2000000 0.000500 61747 0.029064 3.427012 1
2000000 0.000500 109297 0.032760 3.422209 1
2000000 0.001000 66968 0.031777 3.415551 1
2000000 0.001000 78366 0.034594 3.415653 1
2000000 0.001000 70829 0.029301 3.414959 1
2000000 0.001000 93788 0.034315 3.423744 1
2000000 0.001000 82622 0.031767 3.416643 1
2000000 0.001000 122219 0.037672 3.424922 1
2000000 0.001000 63058 0.029175 3.418977 1
2000000 0.001000 60354 0.030425 3.414633 1
2000000 0.001000 56064 0.029125 3.420532 1
2000000 0.001000 58502 0.027842 3.411426 1
2000000 0.001000 67227 0.033802 3.423417 1
2000000 0.001000 58233 0.026046 3.411101 1
2000000 0.001000 108467 0.041536 3.427414 1
2000000 0.001000 88322 0.035028 3.426734 1
2000000 0.001000 84084 0.035911 3.418087 1
2000000 0.001000 78189 0.036471 3.429417 1
2000000 0.001000 87301 0.034544 3.421869 1
2000000 0.001000 44562 0.025299 3.411617 1
2000000 0.001000 43975 0.025906 3.413928 1
2000000 0.001000 78478 0.031411 3.426784 1
2000000 0.001000 114337 0.038540 3.428551 1
2000000 0.001000 93430 0.031784 3.430608 1
2000000 0.001000 77273 0.029659 3.424925 1
2000000 0.001000 119089 0.040953 3.438689 1
2000000 0.001000 63552 0.028287 3.435322 1
2000000 0.001000 51267 0.029065 3.434429 1
2000000 0.001000 56273 0.028280 3.423951 1
2000000 0.001000 72644 0.030283 3.417686 1
2000000 0.001000 227224 0.045900 3.432204 1
2000000 0.001000 31486 0.026965 3.425226 1
2000000 0.001000 68097 0.031111 3.424858 1
2000000 0.001000 133407 0.038157 3.420558 1
2000000 0.001000 90153 0.035647 3.425654 1
2000000 0.001000 89680 0.036418 3.430701 1
2000000 0.001000 108557 0.036172 3.421972 1
2000000 0.001000 74780 0.028470 3.414499 1
2000000 0.001000 14814 0.022980 3.408342 1
2000000 0.001000 83462 0.029959 3.415969 1
2000000 0.001000 58933 0.029927 3.412627 1
2000000 0.001000 78246 0.031253 3.435893 1
2000000 0.001000 107876 0.031582 3.415519 1
2000000 0.001000 56535 0.029101 3.411643 1
2000000 0.001000 76793 0.033571 3.420382 1
2000000 0.001000 70578 0.029419 3.420628 1
2000000 0.001000 44089 0.028096 3.413829 1
2000000 0.001000 78924 0.030348 3.416439 1
2000000 0.001000 95486 0.034312 3.421264 1
2000000 0.001000 24792 0.023387 3.409227 1
2000000 0.001000 118946 0.033415 3.425374 1
2000000 0.001000 29070 0.026027 3.428837 1
2000000 0.005000 107527 0.032889 3.428668 1
2000000 0.005000 84084 0.033752 3.428390 1
2000000 0.005000 65351 0.028984 3.428244 1
2000000 0.005000 94663 0.035137 3.433818 1
2000000 0.005000 134020 0.034604 3.437086 1
2000000 0.005000 97684 0.037276 3.451157 1
2000000 0.005000 79475 0.033220 3.439804 1
2000000 0.005000 198686 0.038366 3.439682 1
2000000 0.005000 204715 0.040968 3.447343 1
2000000 0.005000 86809 0.028516 3.432278 1
2000000 0.005000 174736 0.034522 3.434298 1
2000000 0.005000 145399 0.036006 3.436943 1
2000000 0.005000 72357 0.030506 3.432630 1
2000000 0.005000 85389 0.034281 3.439882 1
2000000 0.005000 43706 0.025841 3.427609 1
2000000 0.005000 123441 0.033344 3.434677 1
2000000 0.005000 78578 0.027842 3.436035 1
2000000 0.005000 173907 0.034971 3.435891 1
2000000 0.005000 152083 0.041264 3.439312 1
2000000 0.005000 81109 0.028748 3.415602 1
2000000 0.005000 146051 0.036330 3.432094 1
2000000 0.005000 146578 0.031901 3.431466 1
2000000 0.005000 109872 0.035559 3.417077 1
2000000 0.005000 88958 0.034704 3.419452 1
2000000 0.005000 160915 0.035248 3.420946 1
2000000 0.005000 101799 0.034407 3.417976 1
2000000 0.005000 94316 0.031629 3.415175 1
2000000 0.005000 94538 0.035757 3.419500 1
2000000 0.005000 280886 0.039981 3.422506 1
2000000 0.005000 298300 0.043375 3.430061 1
2000000 0.005000 119251 0.035468 3.426682 1
2000000 0.005000 120792 0.037906 3.423782 1
2000000 0.005000 97868 0.036715 3.427207 1
2000000 0.005000 254297 0.048174 3.440634 1
2000000 0.005000 138599 0.040055 3.443605 1
2000000 0.005000 79800 0.032979 3.425115 1
2000000 0.005000 121011 0.034476 3.433634 1
2000000 0.005000 93644 0.033941 3.431467 1
2000000 0.005000 327738 0.041878 3.444806 1
2000000 0.005000 1705722 0.171846 3.561524 1
2000000 0.005000 107891 0.029967 3.426962 1
2000000 0.005000 250308 0.044253 3.433044 1
2000000 0.005000 69047 0.030945 3.420834 1
2000000 0.005000 416504 0.049328 3.448096 1
2000000 0.005000 184051 0.042156 3.437377 1
2000000 0.005000 81148 0.032100 3.431114 1
2000000 0.005000 121154 0.034738 3.432315 1
2000000 0.005000 154999 0.034918 3.433542 1
2000000 0.005000 84882 0.031251 3.433156 1
2000000 0.005000 102543 0.034708 3.434636 1
2000000 0.010000 440153 0.049263 3.449579 1
2000000 0.010000 135616 0.032830 3.434560 1
2000000 0.010000 709034 0.058441 3.460256 1
2000000 0.010000 154574 0.040932 3.440667 1
2000000 0.010000 232597 0.045331 3.443261 1
2000000 0.010000 333705 0.048385 3.444188 1
2000000 0.010000 149641 0.036292 3.436690 1
2000000 0.010000 199116 0.033493 3.431137 1
2000000 0.010000 226937 0.040067 3.440740 1
2000000 0.010000 263520 0.038792 3.439124 1
2000000 0.010000 71531 0.029880 3.429805 1
2000000 0.010000 118786 0.036009 3.431718 1
2000000 0.010000 112344 0.038359 3.461392 1
2000000 0.010000 153003 0.032194 3.431883 1
2000000 0.010000 215580 0.037462 3.439581 1
2000000 0.010000 228285 0.034430 3.441405 1
2000000 0.010000 128180 0.033953 3.426181 1
2000000 0.010000 155554 0.035213 3.465320 1
2000000 0.010000 100194 0.031655 3.425671 1
2000000 0.010000 437549 0.057369 3.468558 1
2000000 0.010000 154771 0.034893 3.449362 1
2000000 0.010000 117820 0.039089 3.428298 1
2000000 0.010000 170370 0.039992 3.463462 1
2000000 0.010000 157384 0.036812 3.425214 1
2000000 0.010000 152386 0.039847 3.430560 1
2000000 0.010000 954827 0.084378 3.476193 1
2000000 0.010000 74071 0.028980 3.420467 1
2000000 0.010000 181249 0.038932 3.439910 1
2000000 0.010000 118017 0.032217 3.423724 1
2000000 0.010000 111796 0.036503 3.419684 1
2000000 0.010000 68264 0.029607 3.418853 1
2000000 0.010000 371292 0.048113 3.440716 1
2000000 0.010000 175466 0.035938 3.418428 1
2000000 0.010000 180245 0.039769 3.425636 1
2000000 0.010000 159968 0.041342 3.433258 1
2000000 0.010000 145116 0.037341 3.431983 1
2000000 0.010000 282324 0.042630 3.450442 1
2000000 0.010000 327205 0.047896 3.448423 1
2000000 0.010000 187825 0.037708 3.444500 1
2000000 0.010000 103139 0.034718 3.431909 1
2000000 0.010000 185909 0.037842 3.437333 1
2000000 0.010000 175432 0.033837 3.440489 1
2000000 0.010000 88307 0.029550 3.436032 1
2000000 0.010000 880987 0.082812 3.480945 1
2000000 0.010000 414726 0.048068 3.438619 1
2000000 0.010000 139812 0.034868 3.434268 1
2000000 0.010000 247149 0.043231 3.444593 1
2000000 0.010000 220041 0.040594 3.438407 1
2000000 0.010000 173795 0.037902 3.439703 1
2000000 0.010000 309415 0.042812 3.442641 1
2000000 0.050000 729633 0.066300 3.479087 1
2000000 0.050000 394003 0.052571 3.450310 1
2000000 0.050000 944617 0.091161 3.483964 1
2000000 0.050000 1009632 0.092495 3.489201 1
2000000 0.050000 256461 0.039923 3.429060 1
2000000 0.050000 647058 0.064080 3.457856 1
2000000 0.050000 302736 0.049106 3.442061 1
2000000 0.050000 1795504 0.176711 3.566727 1
2000000 0.050000 490467 0.061168 3.461624 1
2000000 0.050000 392786 0.056634 3.441967 1
2000000 0.050000 402957 0.057309 3.444563 1
2000000 0.050000 263652 0.038254 3.434465 1
2000000 0.050000 535976 0.058183 3.457010 1
2000000 0.050000 631550 0.058254 3.458715 1
2000000 0.050000 261815 0.039460 3.439896 1
2000000 0.050000 361523 0.050145 3.445156 1
2000000 0.050000 276849 0.047840 3.435421 1
2000000 0.050000 387514 0.046883 3.432302 1
2000000 0.050000 1151072 0.102913 3.482326 1
2000000 0.050000 313296 0.042505 3.431559 1
2000000 0.050000 409055 0.051165 3.436922 1
2000000 0.050000 376500 0.040950 3.427105 1
2000000 0.050000 183060 0.035666 3.431251 1
2000000 0.050000 432737 0.052600 3.438463 1
2000000 0.050000 713767 0.065514 3.457324 1
2000000 0.050000 258478 0.035995 3.422389 1
2000000 0.050000 336134 0.049807 3.435966 1
2000000 0.050000 693701 0.065098 3.448680 1
2000000 0.050000 229384 0.037545 3.419645 1
2000000 0.050000 454782 0.052943 3.440153 1
2000000 0.050000 269022 0.042506 3.430446 1
2000000 0.050000 231791 0.046077 3.429362 1
2000000 0.050000 1078335 0.094341 3.481755 1
2000000 0.050000 397228 0.050110 3.438648 1
2000000 0.050000 1163645 0.102345 3.479562 1
2000000 0.050000 1610760 0.172975 3.558014 1
2000000 0.050000 577433 0.053483 3.441384 1
2000000 0.050000 856426 0.085933 3.469439 1
2000000 0.050000 231800 0.043180 3.431137 1
2000000 0.050000 327424 0.046489 3.432199 1
2000000 0.050000 901659 0.089554 3.476605 1
2000000 0.050000 246363 0.041301 3.437445 1
2000000 0.050000 413135 0.047234 3.437051 1
2000000 0.050000 509091 0.054340 3.452646 1
2000000 0.050000 580794 0.061500 3.444381 1
2000000 0.050000 185317 0.038888 3.425424 1
2000000 0.050000 1802961 0.182629 3.578174 1
2000000 0.050000 512909 0.052150 3.449103 1
2000000 0.050000 540919 0.058649 3.447377 1
2000000 0.050000 801024 0.081454 3.491521 1
