Str Size|Edit Diff|Comm (bits)|Time Set(s)|Time Str(s)|Str Recon True
100000 0.000100 75612 0.012944 0.151117 1
100000 0.000500 79549 0.011934 0.157442 1
100000 0.001000 73799 0.017469 0.166280 1
100000 0.005000 80228 0.013225 0.158606 1
100000 0.010000 70360 0.011591 0.151844 1
100000 0.050000 114839 0.019085 0.174982 1
400000 0.000100 78689 0.046324 0.527073 1
400000 0.000500 93508 0.026661 0.503273 1
400000 0.001000 95006 0.049928 0.529372 1
400000 0.005000 100229 0.031186 0.518382 1
400000 0.010000 101162 0.031762 0.512462 1
400000 0.050000 223335 0.081605 0.614412 1
800000 0.000100 94365 0.034802 0.958121 1
800000 0.000500 121639 0.041068 1.000307 1
800000 0.001000 91291 0.063944 0.981447 1
800000 0.005000 125668 0.061888 0.975490 1
800000 0.010000 114520 0.043176 0.954693 1
800000 0.050000 232734 0.049531 0.948553 1
1200000 0.000100 112290 0.042901 1.393621 1
1200000 0.000500 127135 0.045637 1.400805 1
1200000 0.001000 99146 0.068036 1.451065 1
1200000 0.005000 151748 0.048607 1.413182 1
1200000 0.010000 153706 0.049880 1.398926 1
1200000 0.050000 471044 0.095442 1.571903 1
1600000 0.000100 108910 0.089618 1.973614 1
1600000 0.000500 113691 0.057260 1.891822 1
1600000 0.001000 190061 0.056294 1.843088 1
1600000 0.005000 153465 0.087784 1.983930 1
1600000 0.010000 157090 0.069656 2.028859 1
1600000 0.050000 572153 0.072557 1.849508 1
2000000 0.000100 91235 0.049458 2.250748 1
2000000 0.000500 170217 0.062647 2.363556 1
2000000 0.001000 99679 0.049868 2.268360 1
2000000 0.005000 165192 0.058708 2.287256 1
2000000 0.010000 278731 0.066658 2.264139 1
2000000 0.050000 555797 0.110766 2.351546 1
