Sting Size|Edit Dist %|Total Comm (bytes)|Literal comm|Partition Sym Diff|Total Num Partitions|Time Tree(s)|Time Recon(s)|Time Backtrack (included in Time Recon) (s)|Set Recon Success|Str Recon Success|Tree Heap SIze|High Water Heap|Rsync Comm
100000 0.000010 9610 198.000000 14.000000 814.000000 0.387402 0.295084 0.001444 1 1 214872 2338324112250660201 0
100000 0.000010 10472 584.000000 18.000000 802.000000 0.380094 0.299123 0.001221 1 1 210936 112566 0
100000 0.000010 10805 441.000000 14.000000 1028.000000 0.425729 0.361048 0.001402 1 1 248104 112566 0
100000 0.000010 11362 902.000000 18.000000 1034.000000 0.408873 0.368931 0.001454 1 1 248824 830 0
100000 0.000010 10579 171.000000 16.000000 770.000000 0.389686 0.305634 0.001481 1 1 207032 830 0
100000 0.000010 10178 766.000000 14.000000 598.000000 0.377037 0.243605 0.001571 1 1 184984 830 0
100000 0.000010 11641 573.000000 20.000000 814.000000 0.397537 0.317854 0.001514 1 1 212632 830 0
100000 0.000010 10921 510.000000 16.000000 822.000000 0.412670 0.303937 0.001340 1 1 213464 830 0
100000 0.000010 9921 557.000000 12.000000 584.000000 0.369120 0.241103 0.001446 1 1 183240 830 0
100000 0.000010 10333 309.000000 16.000000 774.000000 0.386170 0.288681 0.001484 1 1 207512 830 0
100000 0.000010 10060 172.000000 18.000000 1084.000000 0.393987 0.369330 0.001411 1 1 255144 830 0
100000 0.000010 11217 205.000000 18.000000 958.000000 0.398473 0.342745 0.000890 1 1 231064 830 0
100000 0.000010 11157 1181.000000 14.000000 412.000000 0.358055 0.203728 0.001540 1 1 157160 830 0
100000 0.000010 9721 261.000000 16.000000 890.000000 0.390248 0.315643 0.001585 1 1 222520 830 0
100000 0.000010 10431 451.000000 14.000000 878.000000 0.524223 0.314539 0.001707 1 1 220760 830 0
100000 0.000010 10752 348.000000 16.000000 830.000000 0.410291 0.313295 0.001684 1 1 214680 830 0
100000 0.000010 10255 235.000000 16.000000 892.000000 0.388159 0.316336 0.001412 1 1 222824 830 0
100000 0.000010 10373 301.000000 18.000000 814.000000 0.390108 0.325487 0.003038 1 1 212632 830 0
100000 0.000010 10793 385.000000 16.000000 1044.000000 0.423619 0.370742 0.001471 1 1 250152 830 0
100000 0.000010 9640 276.000000 12.000000 1034.000000 0.408898 0.357652 0.001687 1 1 248824 830 0
100000 0.000010 9531 163.000000 12.000000 890.000000 0.409626 0.331583 0.001445 1 1 222520 830 0
100000 0.000010 10675 695.000000 14.000000 570.000000 0.393140 0.243129 0.001713 1 1 181368 830 0
100000 0.000010 10799 387.000000 16.000000 830.000000 0.395429 0.312138 0.001236 1 1 214680 830 0
100000 0.000010 10886 430.000000 18.000000 1028.000000 0.431576 0.361946 0.001290 1 1 248104 830 0
100000 0.000010 9681 269.000000 14.000000 1056.000000 0.417345 0.350002 0.001338 1 1 251640 830 0
100000 0.000010 10930 470.000000 18.000000 774.000000 0.390110 0.298993 0.001362 1 1 207512 830 0
100000 0.000010 11441 425.000000 18.000000 924.000000 0.389872 0.340771 0.001433 1 1 226536 830 0
100000 0.000010 10778 418.000000 14.000000 774.000000 0.409824 0.308126 0.001912 1 1 207512 830 0
100000 0.000010 10869 461.000000 16.000000 878.000000 0.399953 0.327324 0.001955 1 1 220760 830 0
100000 0.000010 11592 620.000000 16.000000 816.000000 0.405417 0.316967 0.001984 1 1 213064 830 0
100000 0.000010 10597 185.000000 16.000000 1028.000000 0.411534 0.369184 0.001788 1 1 248104 830 0
100000 0.000010 59287 26722.000000 198.000000 802.000000 0.402987 0.407448 0.003016 1 1 207032 830 0
100000 0.000010 9994 582.000000 14.000000 732.000000 0.393023 0.282007 0.001306 1 1 202152 830 0
100000 0.000010 11219 756.000000 18.000000 822.000000 0.392687 0.309703 0.001256 1 1 213464 830 0
100000 0.000010 10298 318.000000 14.000000 892.000000 0.402519 0.336000 0.002005 1 1 222824 830 0
100000 0.000010 11927 911.000000 18.000000 876.000000 0.396300 0.327433 0.001592 1 1 220648 830 0
100000 0.000010 11759 779.000000 16.000000 412.000000 0.355897 0.214831 0.001274 1 1 157160 830 0
100000 0.000010 10522 1158.000000 12.000000 892.000000 0.426903 0.325241 0.001501 1 1 222824 830 0
100000 0.000010 10894 482.000000 16.000000 816.000000 0.398623 0.309129 0.001680 1 1 213064 830 0
100000 0.000010 11360 336.000000 18.000000 1044.000000 0.410539 0.377002 0.001593 1 1 250152 830 0
100000 0.000010 10682 314.000000 14.000000 770.000000 0.454236 0.300439 0.001600 1 1 207032 830 0
100000 0.000010 11395 379.000000 18.000000 878.000000 0.415901 0.328536 0.001596 1 1 220760 830 0
100000 0.000010 10615 771.000000 16.000000 830.000000 0.404495 0.306712 0.001545 1 1 214680 830 0
100000 0.000010 11041 633.000000 16.000000 816.000000 0.395949 0.313832 0.002153 1 1 213064 830 0
100000 0.000010 10610 202.000000 16.000000 412.000000 0.365574 0.212292 0.001183 1 1 157160 830 0
100000 0.000010 10124 100.000000 16.000000 1056.000000 0.430064 0.360028 0.002198 1 1 251640 830 0
100000 0.000010 10141 301.000000 16.000000 774.000000 0.407218 0.299783 0.002038 1 1 207512 830 0
100000 0.000010 65965 30871.000000 195.000000 509.000000 0.390494 0.335288 0.002200 1 1 157160 830 0
100000 0.000010 11422 830.000000 16.000000 570.000000 0.429348 0.253094 0.002771 1 1 181368 830 0
